GENE	DRIVER_FREQUENCY	DRIVER_SNV_FREQUENCY	DRIVER_DELTION_FREQUENCY	DRIVER_AMPLIFICATION_FREQUENCY	CANCER_CENSUS	PAN_CANCER	IMPACT	MUTATION_FREQUENCY	SNV_FREQUENCY	DELTION_FREQUENCY	AMPLIFICATION_FREQUENCY
EGFR	0.393	0.262	0.000	0.241	NA	NA	154.5371204415	0.393	0.262	0.000	0.241
CDKN2A	0.448	0.015	0.433	0.000	NA	NA	131.7203340777	0.470	0.015	0.454	0.000
TP53	0.284	0.280	0.003	0.000	NA	NA	117.9917699902	0.284	0.280	0.003	0.000
CDKN2B	0.381	0.003	0.378	0.000	NA	NA	113.2078632016	0.448	0.003	0.445	0.000
PTEN	0.290	0.265	0.024	0.000	NA	NA	98.6496488414	0.314	0.290	0.024	0.000
HLA-DRB1	0.189	0.000	0.006	0.183	NA	NA	63.0061381076	0.189	0.000	0.006	0.183
CDK4	0.113	0.000	0.000	0.113	NA	NA	46.3970363003	0.116	0.000	0.000	0.116
SEC61G	0.162	0.000	0.000	0.162	NA	NA	42.8572209142	0.317	0.000	0.000	0.317
PIK3CA	0.091	0.088	0.000	0.003	NA	NA	42.4572295974	0.091	0.088	0.000	0.003
PRKY	0.162	0.000	0.162	0.000	NA	NA	41.2721670495	0.195	0.000	0.195	0.000
PIK3R1	0.091	0.088	0.006	0.000	NA	NA	39.3446210761	0.091	0.088	0.006	0.000
RB1	0.067	0.061	0.009	0.000	NA	NA	30.2431522998	0.070	0.064	0.009	0.000
TBL1Y	0.067	0.000	0.067	0.000	NA	NA	28.9894066767	0.195	0.000	0.195	0.000
TTN	0.052	0.052	0.000	0.000	NA	NA	28.6575879429	0.207	0.207	0.000	0.000
NF1	0.055	0.055	0.000	0.000	NA	NA	25.3651436629	0.095	0.095	0.000	0.000
DCTN2	0.061	0.003	0.003	0.058	NA	NA	25.1391447066	0.064	0.003	0.003	0.061
KLHL9	0.104	0.000	0.104	0.000	NA	NA	23.7682775547	0.229	0.000	0.229	0.000
KIT	0.073	0.012	0.000	0.061	NA	NA	23.2240846944	0.076	0.012	0.000	0.064
GLI1	0.040	0.003	0.000	0.037	NA	NA	22.3611947530	0.064	0.009	0.003	0.052
PIK3C2B	0.052	0.012	0.000	0.043	NA	NA	21.3591908288	0.055	0.012	0.000	0.046
MDM2	0.049	0.000	0.000	0.049	NA	NA	21.1696191698	0.076	0.006	0.000	0.070
PDGFRA	0.055	0.040	0.000	0.024	NA	NA	19.2830089824	0.055	0.040	0.000	0.024
KDR	0.055	0.021	0.000	0.037	NA	NA	18.3827614823	0.064	0.027	0.000	0.040
COL1A2	0.043	0.027	0.000	0.015	NA	NA	17.7388097712	0.043	0.027	0.000	0.015
LRP1	0.034	0.018	0.006	0.009	NA	NA	17.6381026436	0.034	0.018	0.006	0.009
PIK3CG	0.037	0.027	0.000	0.009	NA	NA	15.8772674758	0.037	0.027	0.000	0.009
IFNG	0.034	0.006	0.009	0.018	NA	NA	15.7682616978	0.034	0.006	0.009	0.018
KIF5A	0.037	0.000	0.000	0.037	NA	NA	15.1369129327	0.064	0.000	0.003	0.061
IKZF1	0.030	0.006	0.000	0.024	NA	NA	14.4055957680	0.030	0.006	0.000	0.024
CD3G	0.027	0.003	0.003	0.021	NA	NA	14.3122191618	0.030	0.003	0.003	0.024
TEK	0.034	0.003	0.030	0.000	NA	NA	13.9613944346	0.064	0.015	0.049	0.000
RYR2	0.052	0.052	0.000	0.000	NA	NA	13.1926418314	0.079	0.079	0.000	0.000
AMPH	0.021	0.012	0.000	0.009	NA	NA	13.0700219535	0.021	0.012	0.000	0.009
DMD	0.027	0.021	0.003	0.003	NA	NA	13.0646559802	0.040	0.034	0.003	0.003
ACTA2	0.027	0.003	0.027	0.000	NA	NA	12.9357367388	0.027	0.003	0.027	0.000
ATRX	0.037	0.037	0.000	0.000	NA	NA	12.9016322811	0.043	0.043	0.000	0.000
COL6A3	0.034	0.034	0.000	0.000	NA	NA	12.6855232748	0.034	0.034	0.000	0.000
NOS3	0.027	0.018	0.000	0.012	NA	NA	12.6557974850	0.027	0.018	0.000	0.012
MET	0.030	0.015	0.000	0.015	NA	NA	12.6245244877	0.030	0.015	0.000	0.015
CFTR	0.021	0.006	0.000	0.015	NA	NA	12.3156157371	0.021	0.006	0.000	0.015
FGFR2	0.027	0.003	0.021	0.003	NA	NA	11.9970224182	0.027	0.003	0.021	0.003
COL6A2	0.027	0.027	0.000	0.000	NA	NA	11.9039261945	0.027	0.027	0.000	0.000
GLI3	0.018	0.006	0.000	0.012	NA	NA	11.4264291385	0.018	0.006	0.000	0.012
RIMS2	0.034	0.034	0.000	0.000	NA	NA	11.1786100051	0.034	0.034	0.000	0.000
LAMA2	0.018	0.018	0.000	0.000	NA	NA	11.1520469306	0.018	0.018	0.000	0.000
PPIA	0.018	0.000	0.000	0.018	NA	NA	11.1425604805	0.018	0.000	0.000	0.018
ANK2	0.030	0.030	0.000	0.000	NA	NA	11.1374712256	0.030	0.030	0.000	0.000
GRB10	0.021	0.006	0.000	0.015	NA	NA	10.6169737791	0.027	0.006	0.000	0.021
PTPRB	0.021	0.006	0.000	0.015	NA	NA	10.3407062483	0.021	0.006	0.000	0.015
STAT6	0.021	0.003	0.006	0.012	NA	NA	10.1335190674	0.021	0.003	0.006	0.012
HUS1	0.015	0.000	0.000	0.015	NA	NA	10.1250021738	0.018	0.000	0.000	0.018
PSMA2	0.015	0.000	0.000	0.015	NA	NA	10.1250021738	0.015	0.000	0.000	0.015
CUL1	0.021	0.009	0.000	0.012	NA	NA	10.0858714524	0.021	0.009	0.000	0.012
SMARCC2	0.015	0.006	0.003	0.006	NA	NA	9.9724616335	0.015	0.006	0.003	0.006
BUB3	0.021	0.000	0.021	0.000	NA	NA	9.8749512413	0.021	0.000	0.021	0.000
PLAU	0.021	0.000	0.021	0.000	NA	NA	9.8749512413	0.021	0.000	0.021	0.000
ADAM12	0.021	0.006	0.015	0.000	NA	NA	9.8388570967	0.024	0.006	0.018	0.000
FRS2	0.024	0.000	0.000	0.024	NA	NA	9.6528226627	0.024	0.000	0.000	0.024
LAMA1	0.018	0.018	0.000	0.000	NA	NA	9.6397918944	0.018	0.018	0.000	0.000
FN1	0.018	0.018	0.000	0.000	NA	NA	9.5683000561	0.018	0.018	0.000	0.000
MAPK8	0.018	0.003	0.015	0.000	NA	NA	9.5556103357	0.018	0.003	0.015	0.000
FLNC	0.024	0.009	0.000	0.015	NA	NA	9.4574930902	0.024	0.009	0.000	0.015
LAMA5	0.015	0.015	0.000	0.000	NA	NA	9.3791138843	0.015	0.015	0.000	0.000
DRD5	0.027	0.027	0.000	0.000	NA	NA	9.3061326064	0.027	0.027	0.000	0.000
NOS1	0.018	0.015	0.000	0.003	NA	NA	9.2216155329	0.018	0.015	0.000	0.003
NCF1	0.018	0.003	0.000	0.015	NA	NA	8.9393425089	0.018	0.003	0.000	0.015
CTDSP2	0.018	0.003	0.000	0.015	NA	NA	8.8776507878	0.095	0.003	0.000	0.091
DNA2	0.021	0.003	0.018	0.000	NA	NA	8.8707571643	0.021	0.003	0.018	0.000
PGR	0.015	0.015	0.000	0.000	NA	NA	8.7894110920	0.018	0.018	0.000	0.000
FAS	0.018	0.000	0.018	0.000	NA	NA	8.7823047673	0.024	0.000	0.024	0.000
PIK3C2G	0.027	0.024	0.003	0.000	NA	NA	8.7077981156	0.027	0.024	0.003	0.000
MDM4	0.015	0.003	0.000	0.012	NA	NA	8.6696486950	0.037	0.003	0.000	0.034
ACTB	0.012	0.000	0.000	0.012	NA	NA	8.6242343178	0.012	0.000	0.000	0.012
RERE	0.018	0.015	0.003	0.000	NA	NA	8.5678725452	0.027	0.018	0.009	0.000
ITGB1	0.018	0.003	0.012	0.003	NA	NA	8.3592942546	0.018	0.003	0.012	0.003
ITGB8	0.015	0.003	0.000	0.012	NA	NA	8.3097714258	0.015	0.003	0.000	0.012
AKAP9	0.024	0.015	0.000	0.009	NA	NA	8.2698944390	0.027	0.015	0.000	0.012
CCT6A	0.058	0.000	0.000	0.058	NA	NA	8.2407625321	0.082	0.000	0.000	0.082
RELN	0.027	0.024	0.000	0.003	NA	NA	8.1278014974	0.046	0.040	0.000	0.006
CENPF	0.012	0.012	0.000	0.000	NA	NA	8.1009019691	0.012	0.012	0.000	0.000
ERBB3	0.012	0.003	0.003	0.006	NA	NA	8.0552243880	0.012	0.003	0.003	0.006
ING3	0.009	0.000	0.000	0.009	NA	NA	8.0058034809	0.015	0.000	0.000	0.015
EPC1	0.018	0.003	0.012	0.003	NA	NA	7.7688048422	0.018	0.003	0.012	0.003
GABRA6	0.024	0.024	0.000	0.000	NA	NA	7.7654644074	0.027	0.027	0.000	0.000
XRCC2	0.015	0.000	0.003	0.012	NA	NA	7.7390892307	0.018	0.000	0.003	0.015
TCF7L2	0.021	0.006	0.015	0.000	NA	NA	7.7317566582	0.021	0.006	0.015	0.000
ATR	0.018	0.015	0.000	0.003	NA	NA	7.6774635547	0.018	0.015	0.000	0.003
CNOT2	0.012	0.003	0.000	0.012	NA	NA	7.6544439039	0.021	0.003	0.000	0.021
DSP	0.012	0.012	0.000	0.000	NA	NA	7.6468453423	0.030	0.030	0.000	0.000
FGFR1	0.012	0.012	0.000	0.000	NA	NA	7.5581664351	0.012	0.012	0.000	0.000
FLT1	0.018	0.015	0.003	0.000	NA	NA	7.5517828187	0.018	0.015	0.003	0.000
LAMB4	0.018	0.012	0.000	0.006	NA	NA	7.5333406802	0.018	0.012	0.000	0.006
GABRB3	0.021	0.018	0.003	0.000	NA	NA	7.4940690296	0.021	0.018	0.003	0.000
ATM	0.018	0.018	0.000	0.000	NA	NA	7.4590538934	0.018	0.018	0.000	0.000
GRIN2A	0.024	0.024	0.000	0.000	NA	NA	7.3399383456	0.024	0.024	0.000	0.000
CCT2	0.024	0.006	0.000	0.018	NA	NA	7.2669413864	0.030	0.006	0.000	0.024
FBN2	0.018	0.015	0.003	0.000	NA	NA	7.2527857215	0.021	0.018	0.003	0.000
SLC18A2	0.018	0.003	0.015	0.000	NA	NA	7.1807604290	0.018	0.003	0.015	0.000
ZWINT	0.012	0.000	0.012	0.000	NA	NA	7.1486706226	0.015	0.000	0.015	0.000
DDIT3	0.018	0.000	0.000	0.018	NA	NA	7.1129920225	0.073	0.003	0.003	0.067
CNTN2	0.018	0.006	0.000	0.012	NA	NA	7.0194542850	0.018	0.006	0.000	0.012
FGFR4	0.012	0.012	0.000	0.000	NA	NA	7.0166908947	0.012	0.012	0.000	0.000
COL1A1	0.012	0.012	0.000	0.000	NA	NA	6.8955409284	0.012	0.012	0.000	0.000
SMC3	0.015	0.000	0.015	0.000	NA	NA	6.8701291606	0.024	0.009	0.015	0.000
DNMBP	0.018	0.012	0.006	0.000	NA	NA	6.8119428213	0.024	0.012	0.012	0.000
ANK1	0.024	0.021	0.003	0.000	NA	NA	6.7698166824	0.037	0.021	0.015	0.000
SMARCA2	0.015	0.003	0.012	0.000	NA	NA	6.7639657784	0.021	0.009	0.012	0.000
LAMB1	0.015	0.009	0.000	0.006	NA	NA	6.7003826703	0.015	0.009	0.000	0.006
DNAH9	0.027	0.027	0.000	0.000	NA	NA	6.6964613184	0.027	0.027	0.000	0.000
VAV1	0.009	0.009	0.000	0.000	NA	NA	6.6568062189	0.009	0.009	0.000	0.000
MSH6	0.015	0.015	0.000	0.000	NA	NA	6.6134646856	0.018	0.018	0.000	0.000
FGFR3	0.015	0.012	0.000	0.003	NA	NA	6.6035139948	0.015	0.012	0.000	0.003
HGF	0.018	0.006	0.000	0.012	NA	NA	6.5103083925	0.018	0.006	0.000	0.012
GNAT3	0.024	0.012	0.000	0.012	NA	NA	6.4500883213	0.027	0.012	0.000	0.015
MLLT4	0.015	0.012	0.003	0.000	NA	NA	6.3713412123	0.015	0.012	0.003	0.000
HOXA9	0.009	0.000	0.000	0.009	NA	NA	6.3496538810	0.015	0.003	0.000	0.012
APOB	0.012	0.012	0.000	0.000	NA	NA	6.2642694122	0.040	0.037	0.000	0.003
CDK6	0.018	0.000	0.000	0.018	NA	NA	6.2455788208	0.018	0.000	0.000	0.018
FBLN2	0.018	0.018	0.000	0.000	NA	NA	6.1730132831	0.018	0.018	0.000	0.000
WEE2	0.012	0.006	0.000	0.006	NA	NA	6.0886044889	0.015	0.006	0.000	0.009
ERG	0.012	0.009	0.003	0.000	NA	NA	5.9632479997	0.012	0.009	0.003	0.000
GABRA1	0.015	0.015	0.000	0.000	NA	NA	5.9142915651	0.015	0.015	0.000	0.000
TSC2	0.012	0.012	0.000	0.000	NA	NA	5.8920426287	0.012	0.012	0.000	0.000
IGFBP3	0.018	0.000	0.000	0.018	NA	NA	5.8788652347	0.018	0.000	0.000	0.018
ITGB3	0.012	0.012	0.000	0.000	NA	NA	5.8456679472	0.012	0.012	0.000	0.000
DFFB	0.009	0.000	0.009	0.000	NA	NA	5.8357253937	0.009	0.000	0.009	0.000
ASPM	0.012	0.012	0.000	0.000	NA	NA	5.8206215814	0.015	0.015	0.000	0.000
LAMB3	0.012	0.012	0.000	0.000	NA	NA	5.7559947667	0.012	0.012	0.000	0.000
RALA	0.012	0.000	0.000	0.012	NA	NA	5.7437955549	0.012	0.000	0.000	0.012
ZNF3	0.009	0.003	0.000	0.006	NA	NA	5.6821696682	0.012	0.006	0.000	0.006
HDAC2	0.012	0.009	0.003	0.000	NA	NA	5.6769851314	0.012	0.009	0.003	0.000
FLI1	0.009	0.009	0.000	0.000	NA	NA	5.6141224568	0.009	0.009	0.000	0.000
BTRC	0.015	0.003	0.012	0.000	NA	NA	5.5397352054	0.015	0.003	0.012	0.000
CBX3	0.006	0.000	0.000	0.006	NA	NA	5.5325624873	0.012	0.000	0.000	0.012
RAC1	0.006	0.000	0.000	0.006	NA	NA	5.5325624873	0.006	0.000	0.000	0.006
ACTR1A	0.012	0.000	0.012	0.000	NA	NA	5.5213303469	0.012	0.000	0.012	0.000
COL2A1	0.009	0.003	0.003	0.003	NA	NA	5.5146447405	0.009	0.003	0.003	0.003
NACA	0.009	0.000	0.006	0.003	NA	NA	5.4870335027	0.009	0.000	0.006	0.003
ADCYAP1R1	0.006	0.000	0.000	0.006	NA	NA	5.4808925766	0.018	0.003	0.000	0.015
CACNA1S	0.021	0.018	0.000	0.003	NA	NA	5.4424685668	0.027	0.024	0.000	0.003
EZH2	0.012	0.000	0.000	0.012	NA	NA	5.3949420615	0.015	0.003	0.000	0.012
ATN1	0.012	0.009	0.000	0.003	NA	NA	5.3935748422	0.015	0.009	0.000	0.006
FLNA	0.018	0.012	0.003	0.003	NA	NA	5.3886545552	0.018	0.012	0.003	0.003
DBNL	0.012	0.000	0.000	0.012	NA	NA	5.3656071811	0.018	0.000	0.000	0.018
SLC6A3	0.018	0.012	0.003	0.003	NA	NA	5.3460248361	0.018	0.012	0.003	0.003
VEGFA	0.012	0.006	0.000	0.006	NA	NA	5.2031128562	0.012	0.006	0.000	0.006
PIK3CD	0.012	0.000	0.009	0.003	NA	NA	5.1981580526	0.012	0.000	0.009	0.003
CDK2	0.006	0.000	0.003	0.003	NA	NA	5.1155878711	0.006	0.000	0.003	0.003
VAMP7	0.009	0.009	0.000	0.000	NA	NA	5.0718314504	0.009	0.009	0.000	0.000
ITGA8	0.015	0.003	0.009	0.003	NA	NA	5.0606687711	0.015	0.003	0.009	0.003
PRKCQ	0.015	0.003	0.009	0.003	NA	NA	5.0444973324	0.015	0.003	0.009	0.003
CREBBP	0.015	0.015	0.000	0.000	NA	NA	5.0358337354	0.015	0.015	0.000	0.000
ITGAM	0.015	0.015	0.000	0.000	NA	NA	5.0198232193	0.015	0.015	0.000	0.000
HLA-A	0.009	0.000	0.009	0.000	NA	NA	4.9926691614	0.009	0.000	0.009	0.000
PIK3CB	0.009	0.006	0.000	0.003	NA	NA	4.8989896434	0.009	0.006	0.000	0.003
BRCA1	0.012	0.012	0.000	0.000	NA	NA	4.8809103680	0.012	0.012	0.000	0.000
NOD1	0.012	0.000	0.000	0.012	NA	NA	4.8490325296	0.021	0.006	0.000	0.015
GABRB2	0.015	0.015	0.000	0.000	NA	NA	4.8421939851	0.015	0.015	0.000	0.000
CEP135	0.024	0.000	0.003	0.021	NA	NA	4.7573944885	0.027	0.003	0.003	0.021
COL14A1	0.015	0.015	0.000	0.000	NA	NA	4.7540751314	0.015	0.015	0.000	0.000
LAMC3	0.015	0.015	0.000	0.000	NA	NA	4.7348132196	0.015	0.015	0.000	0.000
NRXN1	0.009	0.009	0.000	0.000	NA	NA	4.7273459374	0.015	0.015	0.000	0.000
CHEK1	0.012	0.012	0.000	0.000	NA	NA	4.6999277013	0.012	0.012	0.000	0.000
CAV1	0.009	0.000	0.000	0.009	NA	NA	4.6108709585	0.009	0.000	0.000	0.009
EGF	0.009	0.009	0.000	0.000	NA	NA	4.5834408915	0.009	0.009	0.000	0.000
EP300	0.009	0.006	0.003	0.000	NA	NA	4.5623571975	0.009	0.006	0.003	0.000
COL11A2	0.012	0.012	0.000	0.000	NA	NA	4.5374235655	0.018	0.018	0.000	0.000
MYST4	0.012	0.009	0.003	0.000	NA	NA	4.5226253720	0.030	0.009	0.021	0.000
SRPK1	0.009	0.006	0.000	0.003	NA	NA	4.4992910435	0.009	0.006	0.000	0.003
MAPK13	0.009	0.006	0.000	0.003	NA	NA	4.4034741894	0.009	0.006	0.000	0.003
CEP63	0.009	0.006	0.003	0.000	NA	NA	4.3808835271	0.009	0.006	0.003	0.000
SHB	0.012	0.009	0.003	0.000	NA	NA	4.3802166816	0.012	0.009	0.003	0.000
MED13	0.009	0.009	0.000	0.000	NA	NA	4.3779704472	0.009	0.009	0.000	0.000
PLG	0.009	0.006	0.003	0.000	NA	NA	4.3768199044	0.009	0.006	0.003	0.000
LAMA3	0.012	0.012	0.000	0.000	NA	NA	4.3570346250	0.012	0.012	0.000	0.000
ERBB2	0.021	0.021	0.000	0.000	NA	NA	4.3459004815	0.021	0.021	0.000	0.000
MACF1	0.009	0.009	0.000	0.000	NA	NA	4.3315790660	0.024	0.024	0.000	0.000
MCM6	0.009	0.006	0.000	0.003	NA	NA	4.3090682061	0.009	0.006	0.000	0.003
CDC2	0.009	0.000	0.009	0.000	NA	NA	4.2923823587	0.009	0.000	0.009	0.000
CREM	0.009	0.000	0.009	0.000	NA	NA	4.2923823587	0.012	0.000	0.012	0.000
F2	0.006	0.006	0.000	0.000	NA	NA	4.2343999868	0.006	0.006	0.000	0.000
COL4A5	0.012	0.009	0.003	0.000	NA	NA	4.1893353682	0.012	0.009	0.003	0.000
SMAD4	0.006	0.006	0.000	0.000	NA	NA	4.1676805800	0.006	0.006	0.000	0.000
MCM5	0.009	0.006	0.003	0.000	NA	NA	4.1671763248	0.009	0.006	0.003	0.000
VAMP3	0.012	0.003	0.009	0.000	NA	NA	4.1399500597	0.012	0.003	0.009	0.000
PRKX	0.006	0.003	0.003	0.000	NA	NA	4.0857935250	0.006	0.003	0.003	0.000
VAV2	0.009	0.009	0.000	0.000	NA	NA	4.0796915336	0.009	0.009	0.000	0.000
BCAR1	0.009	0.006	0.003	0.000	NA	NA	4.0707438641	0.009	0.006	0.003	0.000
APC	0.006	0.006	0.000	0.000	NA	NA	4.0607440884	0.006	0.006	0.000	0.000
DBF4	0.009	0.000	0.000	0.009	NA	NA	4.0428530034	0.012	0.000	0.000	0.012
F8	0.015	0.015	0.000	0.000	NA	NA	4.0281755010	0.015	0.015	0.000	0.000
EZR	0.012	0.012	0.000	0.000	NA	NA	4.0274667906	0.012	0.012	0.000	0.000
MCM7	0.009	0.003	0.000	0.006	NA	NA	4.0271535312	0.012	0.006	0.000	0.006
CASP2	0.006	0.000	0.000	0.006	NA	NA	4.0102553654	0.006	0.000	0.000	0.006
MDFIC	0.006	0.000	0.000	0.006	NA	NA	4.0102553654	0.009	0.000	0.000	0.009
PSMC2	0.006	0.000	0.000	0.006	NA	NA	4.0102553654	0.006	0.000	0.000	0.006
MAP4K1	0.009	0.006	0.000	0.003	NA	NA	3.9993361988	0.009	0.006	0.000	0.003
ITGB4	0.012	0.009	0.000	0.003	NA	NA	3.9913329397	0.012	0.009	0.000	0.003
DLG4	0.006	0.006	0.000	0.000	NA	NA	3.9773278744	0.009	0.009	0.000	0.000
IGF2R	0.006	0.006	0.000	0.000	NA	NA	3.9755821792	0.006	0.006	0.000	0.000
CDH5	0.006	0.006	0.000	0.000	NA	NA	3.9590519155	0.006	0.006	0.000	0.000
ITGA7	0.006	0.003	0.000	0.003	NA	NA	3.9484119540	0.006	0.003	0.000	0.003
BLNK	0.009	0.000	0.009	0.000	NA	NA	3.9373813321	0.012	0.000	0.012	0.000
VCAN	0.009	0.006	0.003	0.000	NA	NA	3.9280736085	0.009	0.006	0.003	0.000
CACNB3	0.003	0.000	0.000	0.003	NA	NA	3.8866398829	0.015	0.006	0.003	0.006
CHEK2	0.012	0.012	0.000	0.000	NA	NA	3.8734647926	0.024	0.024	0.000	0.000
CHL1	0.015	0.015	0.000	0.000	NA	NA	3.7986197026	0.021	0.021	0.000	0.000
ITGA4	0.009	0.009	0.000	0.000	NA	NA	3.7868535178	0.009	0.009	0.000	0.000
LYN	0.009	0.009	0.000	0.000	NA	NA	3.7778588734	0.009	0.009	0.000	0.000
LAMC1	0.006	0.006	0.000	0.000	NA	NA	3.7526220361	0.006	0.006	0.000	0.000
BSG	0.006	0.000	0.003	0.003	NA	NA	3.7419737763	0.006	0.000	0.003	0.003
PTPN11	0.012	0.012	0.000	0.000	NA	NA	3.7299048048	0.012	0.012	0.000	0.000
PTPRC	0.006	0.006	0.000	0.000	NA	NA	3.7230451434	0.006	0.006	0.000	0.000
PRKDC	0.021	0.021	0.000	0.000	NA	NA	3.7067060580	0.021	0.021	0.000	0.000
COL22A1	0.012	0.012	0.000	0.000	NA	NA	3.6591712997	0.015	0.015	0.000	0.000
BCR	0.009	0.006	0.003	0.000	NA	NA	3.6590201326	0.009	0.006	0.003	0.000
GABRA4	0.009	0.009	0.000	0.000	NA	NA	3.6565102916	0.012	0.012	0.000	0.000
GABRG2	0.009	0.009	0.000	0.000	NA	NA	3.6467790753	0.009	0.009	0.000	0.000
POLR2A	0.006	0.006	0.000	0.000	NA	NA	3.5960920785	0.006	0.006	0.000	0.000
EGR1	0.009	0.009	0.000	0.000	NA	NA	3.5340600047	0.009	0.009	0.000	0.000
CHAF1A	0.009	0.009	0.000	0.000	NA	NA	3.5307621203	0.009	0.009	0.000	0.000
CD3E	0.006	0.006	0.000	0.000	NA	NA	3.4487121346	0.006	0.006	0.000	0.000
ITGAX	0.015	0.015	0.000	0.000	NA	NA	3.4235416426	0.018	0.018	0.000	0.000
ABL1	0.006	0.006	0.000	0.000	NA	NA	3.4149965146	0.006	0.006	0.000	0.000
DOCK2	0.012	0.012	0.000	0.000	NA	NA	3.4047141982	0.018	0.018	0.000	0.000
ACAN	0.012	0.012	0.000	0.000	NA	NA	3.3748576774	0.012	0.012	0.000	0.000
ITGA10	0.009	0.009	0.000	0.000	NA	NA	3.3527622210	0.009	0.009	0.000	0.000
MAPK9	0.006	0.006	0.000	0.000	NA	NA	3.3436359901	0.006	0.006	0.000	0.000
POU2F1	0.006	0.006	0.000	0.000	NA	NA	3.3432697532	0.006	0.006	0.000	0.000
MAPK1	0.009	0.006	0.003	0.000	NA	NA	3.2945496895	0.009	0.006	0.003	0.000
SDCCAG8	0.012	0.003	0.000	0.009	NA	NA	3.2663042810	0.012	0.003	0.000	0.009
STAT1	0.006	0.006	0.000	0.000	NA	NA	3.2453297062	0.006	0.006	0.000	0.000
MMP7	0.006	0.006	0.000	0.000	NA	NA	3.1918444650	0.006	0.006	0.000	0.000
IGF1R	0.006	0.006	0.000	0.000	NA	NA	3.1865021414	0.006	0.006	0.000	0.000
PLCG1	0.012	0.012	0.000	0.000	NA	NA	3.1750634128	0.012	0.012	0.000	0.000
BTG2	0.006	0.000	0.000	0.006	NA	NA	3.1682721813	0.012	0.000	0.000	0.012
CRKL	0.006	0.003	0.003	0.000	NA	NA	3.1428457669	0.006	0.003	0.003	0.000
CD4	0.009	0.003	0.000	0.006	NA	NA	3.1158930000	0.009	0.003	0.000	0.006
CACNA1D	0.009	0.009	0.000	0.000	NA	NA	3.0863384040	0.012	0.012	0.000	0.000
EPPK1	0.015	0.015	0.000	0.000	NA	NA	3.0793783625	0.018	0.018	0.000	0.000
SMC1A	0.012	0.009	0.000	0.003	NA	NA	3.0513124340	0.015	0.012	0.000	0.003
SFN	0.003	0.003	0.000	0.000	NA	NA	3.0358378661	0.003	0.003	0.000	0.000
PSMB8	0.006	0.006	0.000	0.000	NA	NA	3.0154609693	0.006	0.006	0.000	0.000
PDGFRB	0.009	0.009	0.000	0.000	NA	NA	3.0073941566	0.012	0.012	0.000	0.000
CUBN	0.006	0.006	0.000	0.000	NA	NA	3.0022530916	0.024	0.012	0.009	0.003
AKT1	0.012	0.003	0.000	0.009	NA	NA	2.9775041802	0.012	0.003	0.000	0.009
PRKCA	0.006	0.006	0.000	0.000	NA	NA	2.9609155363	0.006	0.006	0.000	0.000
COL4A4	0.009	0.009	0.000	0.000	NA	NA	2.9091804703	0.009	0.009	0.000	0.000
MAP3K1	0.009	0.009	0.000	0.000	NA	NA	2.9048009472	0.015	0.015	0.000	0.000
FBLN1	0.009	0.006	0.003	0.000	NA	NA	2.8861043980	0.012	0.006	0.006	0.000
RAD50	0.006	0.003	0.003	0.000	NA	NA	2.8660321636	0.006	0.003	0.003	0.000
GNA14	0.003	0.000	0.003	0.000	NA	NA	2.8562882639	0.003	0.000	0.003	0.000
MAPK8IP1	0.003	0.000	0.003	0.000	NA	NA	2.8562882639	0.006	0.003	0.003	0.000
NCAPH	0.003	0.000	0.000	0.003	NA	NA	2.8562882639	0.003	0.000	0.000	0.003
NCK2	0.003	0.000	0.000	0.003	NA	NA	2.8562882639	0.003	0.000	0.000	0.003
PRKACG	0.003	0.000	0.003	0.000	NA	NA	2.8562882639	0.003	0.000	0.003	0.000
PTBP1	0.003	0.000	0.003	0.000	NA	NA	2.8562882639	0.009	0.003	0.003	0.003
PTPRD	0.003	0.003	0.003	0.000	NA	NA	2.8562882639	0.015	0.009	0.009	0.000
RASA1	0.003	0.000	0.003	0.000	NA	NA	2.8562882639	0.003	0.000	0.003	0.000
CALML5	0.015	0.003	0.009	0.003	NA	NA	2.8461315464	0.015	0.003	0.009	0.003
BCLAF1	0.006	0.006	0.000	0.000	NA	NA	2.8432784165	0.015	0.015	0.000	0.000
ACTN1	0.006	0.006	0.000	0.000	NA	NA	2.8074337935	0.006	0.006	0.000	0.000
TUBG1	0.006	0.006	0.000	0.000	NA	NA	2.8002302379	0.006	0.006	0.000	0.000
RYR1	0.012	0.012	0.000	0.000	NA	NA	2.7952730897	0.015	0.015	0.000	0.000
CASP9	0.006	0.003	0.000	0.003	NA	NA	2.7902535532	0.006	0.003	0.000	0.003
EPHA1	0.006	0.003	0.000	0.003	NA	NA	2.7750808670	0.009	0.003	0.000	0.006
ITGB7	0.009	0.009	0.000	0.000	NA	NA	2.7741127451	0.009	0.009	0.000	0.000
KIR3DL2	0.006	0.006	0.000	0.000	NA	NA	2.7737656962	0.018	0.015	0.003	0.000
SMARCA4	0.003	0.003	0.000	0.000	NA	NA	2.7460690141	0.003	0.003	0.000	0.000
PRKCB	0.009	0.009	0.000	0.000	NA	NA	2.7450841248	0.009	0.009	0.000	0.000
PSIP1	0.009	0.000	0.009	0.000	NA	NA	2.7400448063	0.012	0.000	0.009	0.003
COL4A1	0.009	0.009	0.000	0.000	NA	NA	2.7353962481	0.009	0.009	0.000	0.000
ZNF212	0.012	0.000	0.000	0.012	NA	NA	2.7194967468	0.012	0.000	0.000	0.012
TRPV6	0.009	0.009	0.000	0.003	NA	NA	2.7187579514	0.024	0.021	0.000	0.006
ITGA1	0.006	0.006	0.000	0.000	NA	NA	2.7140328732	0.006	0.006	0.000	0.000
TES	0.009	0.000	0.000	0.009	NA	NA	2.7113551952	0.018	0.006	0.000	0.012
SREBF1	0.003	0.003	0.000	0.000	NA	NA	2.6759833138	0.003	0.003	0.000	0.000
CSNK2B	0.009	0.003	0.003	0.003	NA	NA	2.6704327468	0.009	0.003	0.003	0.003
NTRK3	0.003	0.003	0.000	0.000	NA	NA	2.6659683862	0.006	0.006	0.000	0.000
STXBP1	0.006	0.006	0.000	0.000	NA	NA	2.6634458748	0.006	0.006	0.000	0.000
PXN	0.006	0.003	0.000	0.003	NA	NA	2.6629974724	0.006	0.003	0.000	0.003
IL12RB2	0.009	0.006	0.000	0.003	NA	NA	2.6614503989	0.009	0.006	0.000	0.003
MORF4L1	0.003	0.003	0.000	0.000	NA	NA	2.6412097161	0.003	0.003	0.000	0.000
IKZF3	0.006	0.006	0.000	0.000	NA	NA	2.6404239703	0.006	0.006	0.000	0.000
E2F4	0.003	0.003	0.000	0.000	NA	NA	2.6307609802	0.003	0.003	0.000	0.000
ESR1	0.003	0.003	0.000	0.000	NA	NA	2.6307609802	0.003	0.003	0.000	0.000
PPP2R1B	0.003	0.003	0.000	0.000	NA	NA	2.6307609802	0.006	0.006	0.000	0.000
HMHA1	0.006	0.006	0.000	0.000	NA	NA	2.6134589230	0.009	0.006	0.003	0.000
PSMD13	0.009	0.009	0.000	0.000	NA	NA	2.5695156815	0.009	0.009	0.000	0.000
SYNJ1	0.006	0.000	0.000	0.006	NA	NA	2.5671746072	0.006	0.000	0.000	0.006
VLDLR	0.006	0.003	0.003	0.000	NA	NA	2.5436230624	0.012	0.003	0.009	0.000
CNTN1	0.006	0.003	0.003	0.000	NA	NA	2.5361462231	0.006	0.003	0.003	0.000
TUBA3C	0.006	0.006	0.000	0.000	NA	NA	2.5146746691	0.012	0.012	0.000	0.000
PPARA	0.009	0.003	0.006	0.000	NA	NA	2.5033421854	0.009	0.003	0.006	0.000
RAB3GAP2	0.012	0.009	0.003	0.000	NA	NA	2.4896454267	0.012	0.009	0.003	0.000
CHP2	0.006	0.006	0.000	0.000	NA	NA	2.4735222744	0.006	0.006	0.000	0.000
FCER1A	0.003	0.003	0.000	0.000	NA	NA	2.4632839940	0.006	0.006	0.000	0.000
FOXG1	0.003	0.003	0.000	0.000	NA	NA	2.4632839940	0.009	0.009	0.000	0.000
PTPN6	0.009	0.003	0.000	0.006	NA	NA	2.4384539846	0.009	0.003	0.000	0.006
CDH23	0.030	0.009	0.021	0.000	NA	NA	2.4234748195	0.030	0.009	0.021	0.000
SLC26A8	0.012	0.009	0.000	0.003	NA	NA	2.4050237108	0.012	0.009	0.000	0.003
LAMA4	0.006	0.003	0.003	0.000	NA	NA	2.4043064109	0.006	0.003	0.003	0.000
SGOL2	0.009	0.009	0.000	0.000	NA	NA	2.4033024752	0.012	0.012	0.000	0.000
IGFBP7	0.012	0.000	0.003	0.009	NA	NA	2.3974174204	0.015	0.000	0.003	0.012
CDH15	0.006	0.006	0.000	0.000	NA	NA	2.3454978785	0.006	0.006	0.000	0.000
RYR3	0.040	0.037	0.003	0.000	NA	NA	2.3126501979	0.052	0.049	0.003	0.000
ADCY9	0.006	0.006	0.000	0.000	NA	NA	2.3095685634	0.009	0.009	0.000	0.000
PSMD4	0.003	0.003	0.000	0.000	NA	NA	2.3066641843	0.003	0.003	0.000	0.000
CEP250	0.009	0.009	0.000	0.000	NA	NA	2.2967369538	0.009	0.009	0.000	0.000
HLA-DRA	0.003	0.003	0.000	0.000	NA	NA	2.2699657122	0.003	0.003	0.000	0.000
ANAPC1	0.006	0.006	0.000	0.000	NA	NA	2.2433035076	0.006	0.006	0.000	0.000
PARP1	0.006	0.006	0.000	0.000	NA	NA	2.2229938668	0.006	0.006	0.000	0.000
TUBGCP5	0.006	0.003	0.003	0.000	NA	NA	2.2116847191	0.009	0.006	0.003	0.000
KALRN	0.006	0.006	0.000	0.000	NA	NA	2.2024633458	0.012	0.012	0.000	0.000
DNMT1	0.006	0.003	0.000	0.003	NA	NA	2.2002831504	0.006	0.003	0.000	0.003
MAPKAPK3	0.003	0.003	0.000	0.000	NA	NA	2.1780857728	0.003	0.003	0.000	0.000
SGOL1	0.003	0.003	0.000	0.000	NA	NA	2.1780857728	0.003	0.003	0.000	0.000
TFAP2B	0.003	0.003	0.000	0.000	NA	NA	2.1780857728	0.006	0.003	0.003	0.000
FOS	0.003	0.003	0.000	0.000	NA	NA	2.1686730213	0.003	0.003	0.000	0.000
AKT3	0.006	0.000	0.000	0.006	NA	NA	2.1660713161	0.006	0.000	0.000	0.006
CTNNB1	0.006	0.006	0.000	0.000	NA	NA	2.1530363625	0.006	0.006	0.000	0.000
CDC27	0.015	0.015	0.000	0.000	NA	NA	2.1518003241	0.015	0.015	0.000	0.000
CBL	0.006	0.006	0.000	0.000	NA	NA	2.1501910217	0.006	0.006	0.000	0.000
BARD1	0.006	0.006	0.000	0.000	NA	NA	2.1420731919	0.006	0.006	0.000	0.000
CACNA1E	0.015	0.015	0.000	0.000	NA	NA	2.1420317044	0.015	0.015	0.000	0.000
PCDH11Y	0.186	0.012	0.183	0.000	NA	NA	2.1073798995	0.198	0.015	0.192	0.000
APEX2	0.009	0.003	0.003	0.003	NA	NA	2.1017101265	0.009	0.003	0.003	0.003
RFC4	0.006	0.003	0.000	0.003	NA	NA	2.0927213007	0.006	0.003	0.000	0.003
GRAP2	0.006	0.003	0.003	0.000	NA	NA	2.0594128702	0.006	0.003	0.003	0.000
SYNJ2	0.006	0.006	0.000	0.000	NA	NA	2.0472269753	0.009	0.009	0.000	0.000
JAK1	0.006	0.006	0.000	0.000	NA	NA	2.0378120762	0.006	0.006	0.000	0.000
TCF12	0.009	0.009	0.000	0.000	NA	NA	1.9854582260	0.012	0.012	0.000	0.000
COL6A1	0.006	0.006	0.000	0.000	NA	NA	1.9775891346	0.006	0.006	0.000	0.000
SRC	0.006	0.006	0.000	0.000	NA	NA	1.9390408932	0.006	0.006	0.000	0.000
PRKCD	0.009	0.009	0.000	0.000	NA	NA	1.9336600670	0.009	0.009	0.000	0.000
INSR	0.003	0.003	0.000	0.000	NA	NA	1.9083343911	0.006	0.006	0.000	0.000
HLA-DQB1	0.006	0.000	0.003	0.003	NA	NA	1.8999270403	0.006	0.000	0.003	0.003
CTNNA2	0.009	0.009	0.000	0.000	NA	NA	1.8969453866	0.009	0.009	0.000	0.000
TYK2	0.012	0.009	0.000	0.003	NA	NA	1.8966975447	0.012	0.009	0.000	0.003
LRRC7	0.015	0.012	0.000	0.003	NA	NA	1.8756278793	0.015	0.012	0.000	0.003
ERCC6L	0.006	0.006	0.000	0.000	NA	NA	1.8693347164	0.006	0.006	0.000	0.000
COL5A2	0.006	0.006	0.000	0.000	NA	NA	1.8407449533	0.006	0.006	0.000	0.000
PIAS1	0.003	0.003	0.000	0.000	NA	NA	1.8338470545	0.003	0.003	0.000	0.000
F9	0.009	0.009	0.000	0.000	NA	NA	1.8176638834	0.009	0.009	0.000	0.000
PLCG2	0.009	0.009	0.000	0.000	NA	NA	1.8038838272	0.009	0.009	0.000	0.000
TGFBR1	0.006	0.006	0.000	0.000	NA	NA	1.7987577659	0.006	0.006	0.000	0.000
SH3GL3	0.006	0.006	0.000	0.000	NA	NA	1.7942982948	0.006	0.006	0.000	0.000
PCDHAC2	0.101	0.101	0.000	0.000	NA	NA	1.7861686974	0.101	0.101	0.000	0.000
HCLS1	0.009	0.009	0.000	0.000	NA	NA	1.7860712687	0.009	0.009	0.000	0.000
NUMA1	0.009	0.009	0.000	0.000	NA	NA	1.7798136469	0.012	0.012	0.000	0.000
RABIF	0.006	0.000	0.000	0.006	NA	NA	1.7737105313	0.006	0.000	0.000	0.006
B2M	0.003	0.003	0.000	0.000	NA	NA	1.7577625826	0.003	0.003	0.000	0.000
ADCY8	0.003	0.003	0.000	0.000	NA	NA	1.7246434731	0.006	0.006	0.000	0.000
COL20A1	0.006	0.006	0.000	0.000	NA	NA	1.7244828600	0.006	0.006	0.000	0.000
MLL	0.009	0.009	0.000	0.000	NA	NA	1.6965265359	0.009	0.009	0.000	0.000
RASGRF1	0.009	0.009	0.000	0.000	NA	NA	1.6937565669	0.009	0.009	0.000	0.000
GADD45A	0.003	0.000	0.000	0.003	NA	NA	1.6925705439	0.003	0.000	0.000	0.003
GNG12	0.003	0.000	0.000	0.003	NA	NA	1.6925705439	0.003	0.000	0.000	0.003
FGF18	0.006	0.006	0.000	0.000	NA	NA	1.6823378631	0.006	0.006	0.000	0.000
SRI	0.015	0.000	0.000	0.015	NA	NA	1.6725629810	0.015	0.000	0.000	0.015
RECQL5	0.006	0.006	0.000	0.000	NA	NA	1.5678849046	0.012	0.009	0.000	0.003
CNTNAP1	0.006	0.006	0.000	0.000	NA	NA	1.5675324201	0.006	0.006	0.000	0.000
NBN	0.003	0.003	0.000	0.000	NA	NA	1.5619078479	0.003	0.003	0.000	0.000
RPN1	0.003	0.003	0.000	0.000	NA	NA	1.5619078479	0.003	0.003	0.000	0.000
ERBB4	0.003	0.003	0.000	0.000	NA	NA	1.5584166730	0.003	0.003	0.000	0.000
CACNA1H	0.027	0.009	0.018	0.000	NA	NA	1.5491990062	0.043	0.012	0.030	0.000
PRKCG	0.006	0.006	0.000	0.000	NA	NA	1.5384718136	0.006	0.006	0.000	0.000
SYT1	0.006	0.003	0.000	0.003	NA	NA	1.5341026173	0.006	0.003	0.000	0.003
RALGDS	0.006	0.006	0.000	0.000	NA	NA	1.5305906191	0.006	0.006	0.000	0.000
VAMP1	0.006	0.000	0.000	0.006	NA	NA	1.5034514533	0.006	0.000	0.000	0.006
ADAP1	0.003	0.003	0.000	0.000	NA	NA	1.4697376764	0.006	0.006	0.000	0.000
CACNA1I	0.012	0.009	0.003	0.000	NA	NA	1.4066012356	0.012	0.009	0.003	0.000
TJP1	0.009	0.006	0.003	0.000	NA	NA	1.3932931682	0.009	0.006	0.003	0.000
NCAPG	0.006	0.006	0.000	0.000	NA	NA	1.3627720364	0.009	0.009	0.000	0.000
ANK3	0.006	0.003	0.003	0.000	NA	NA	1.3602103204	0.012	0.003	0.009	0.000
ETS2	0.003	0.000	0.003	0.000	NA	NA	1.3487988137	0.003	0.000	0.003	0.000
APITD1	0.003	0.000	0.003	0.000	NA	NA	1.3415477528	0.003	0.000	0.003	0.000
FYN	0.003	0.000	0.003	0.000	NA	NA	1.3415477528	0.003	0.000	0.003	0.000
SCML2	0.006	0.006	0.000	0.000	NA	NA	1.3293974514	0.006	0.006	0.000	0.000
ADCY5	0.006	0.006	0.000	0.000	NA	NA	1.3267172736	0.018	0.018	0.000	0.000
ADCY2	0.006	0.006	0.000	0.000	NA	NA	1.3188929227	0.009	0.009	0.000	0.000
RNF8	0.006	0.003	0.000	0.003	NA	NA	1.3077447902	0.006	0.003	0.000	0.003
GRK5	0.006	0.000	0.006	0.000	NA	NA	1.2812296107	0.018	0.000	0.018	0.000
MELK	0.006	0.003	0.003	0.000	NA	NA	1.2741565926	0.006	0.003	0.003	0.000
AP2A2	0.003	0.003	0.000	0.000	NA	NA	1.2732509961	0.003	0.003	0.000	0.000
HLA-DOA	0.003	0.003	0.000	0.000	NA	NA	1.2732509961	0.003	0.003	0.000	0.000
HLTF	0.003	0.003	0.000	0.000	NA	NA	1.2732509961	0.009	0.009	0.000	0.000
PPP3CB	0.018	0.003	0.015	0.000	NA	NA	1.2553357380	0.024	0.003	0.021	0.000
CACNA1B	0.015	0.015	0.000	0.000	NA	NA	1.2442691233	0.015	0.015	0.000	0.000
NAP1L1	0.003	0.003	0.000	0.000	NA	NA	1.2418135649	0.009	0.003	0.000	0.006
PTK2B	0.006	0.006	0.000	0.000	NA	NA	1.2338500984	0.006	0.006	0.000	0.000
MYOG	0.003	0.000	0.000	0.003	NA	NA	1.2250480995	0.006	0.000	0.000	0.006
RPA2	0.006	0.003	0.003	0.000	NA	NA	1.2234579143	0.006	0.003	0.003	0.000
COL10A1	0.003	0.003	0.000	0.000	NA	NA	1.2156778851	0.006	0.003	0.003	0.000
KCNB2	0.012	0.012	0.000	0.000	NA	NA	1.2055992076	0.015	0.015	0.000	0.000
CLSPN	0.003	0.003	0.000	0.000	NA	NA	1.1932597959	0.003	0.003	0.000	0.000
ROCK2	0.006	0.003	0.000	0.003	NA	NA	1.1575282723	0.006	0.003	0.000	0.003
KCNV2	0.006	0.003	0.003	0.000	NA	NA	1.1574309873	0.012	0.003	0.009	0.000
COL4A3	0.003	0.003	0.000	0.000	NA	NA	1.1532037776	0.003	0.003	0.000	0.000
GABRA5	0.009	0.006	0.003	0.000	NA	NA	1.1042971254	0.009	0.006	0.003	0.000
PCDHGC5	0.107	0.107	0.000	0.000	NA	NA	1.0893608006	0.110	0.110	0.000	0.000
AHR	0.006	0.006	0.000	0.000	NA	NA	1.0811955587	0.021	0.012	0.000	0.009
KCNG1	0.009	0.009	0.000	0.000	NA	NA	1.0628260432	0.012	0.012	0.000	0.000
ITPR1	0.012	0.012	0.000	0.000	NA	NA	1.0277873973	0.012	0.012	0.000	0.000
CBLB	0.003	0.003	0.000	0.000	NA	NA	1.0273700511	0.003	0.003	0.000	0.000
FGF13	0.003	0.003	0.000	0.000	NA	NA	1.0273700511	0.003	0.003	0.000	0.000
NOTCH2	0.003	0.003	0.000	0.000	NA	NA	1.0273700511	0.009	0.009	0.000	0.000
MYF5	0.006	0.006	0.000	0.000	NA	NA	1.0260864472	0.006	0.006	0.000	0.000
NFKBIA	0.003	0.003	0.000	0.000	NA	NA	1.0155645380	0.003	0.003	0.000	0.000
GNGT2	0.003	0.003	0.000	0.000	NA	NA	1.0136582877	0.006	0.003	0.003	0.000
MAG	0.003	0.003	0.000	0.000	NA	NA	1.0127877019	0.009	0.009	0.000	0.000
IFI16	0.006	0.003	0.000	0.003	NA	NA	0.9846930824	0.006	0.003	0.000	0.003
RUVBL2	0.006	0.006	0.000	0.000	NA	NA	0.9783234107	0.006	0.006	0.000	0.000
CEBPB	0.003	0.003	0.000	0.000	NA	NA	0.9702418396	0.003	0.003	0.000	0.000
CACNA1C	0.012	0.012	0.000	0.000	NA	NA	0.9686702878	0.015	0.012	0.000	0.003
ITGB2	0.009	0.009	0.000	0.000	NA	NA	0.9600958583	0.012	0.012	0.000	0.000
CDC23	0.003	0.003	0.000	0.000	NA	NA	0.9562702906	0.003	0.003	0.000	0.000
PLAT	0.003	0.003	0.000	0.000	NA	NA	0.9562702906	0.006	0.006	0.000	0.000
CDK5RAP2	0.003	0.003	0.000	0.000	NA	NA	0.9553602293	0.006	0.006	0.000	0.000
PPP1CC	0.003	0.003	0.000	0.000	NA	NA	0.9549411727	0.003	0.003	0.000	0.000
PTPRM	0.003	0.003	0.000	0.000	NA	NA	0.9539165066	0.009	0.009	0.000	0.000
IFNGR1	0.003	0.003	0.000	0.000	NA	NA	0.9416244417	0.003	0.003	0.000	0.000
EPS8	0.003	0.003	0.000	0.000	NA	NA	0.9403628091	0.006	0.003	0.003	0.000
FLNB	0.006	0.006	0.000	0.000	NA	NA	0.9361597734	0.006	0.006	0.000	0.000
MCM3	0.006	0.006	0.000	0.000	NA	NA	0.9300681923	0.006	0.006	0.000	0.000
RRM2	0.006	0.003	0.000	0.003	NA	NA	0.9185812524	0.006	0.003	0.000	0.003
CNKSR2	0.006	0.006	0.000	0.000	NA	NA	0.9097562405	0.006	0.006	0.000	0.000
TAP1	0.003	0.003	0.000	0.000	NA	NA	0.8982845483	0.003	0.003	0.000	0.000
CCT3	0.003	0.000	0.000	0.003	NA	NA	0.8973522145	0.006	0.000	0.000	0.006
NTRK1	0.003	0.003	0.000	0.000	NA	NA	0.8973522145	0.006	0.006	0.000	0.000
BLM	0.003	0.003	0.000	0.000	NA	NA	0.8856855124	0.003	0.003	0.000	0.000
CALM1	0.003	0.003	0.000	0.000	NA	NA	0.8856855124	0.003	0.003	0.000	0.000
ASNS	0.006	0.003	0.000	0.003	NA	NA	0.8706012222	0.009	0.003	0.000	0.006
MCM4	0.006	0.006	0.000	0.000	NA	NA	0.8561406006	0.006	0.006	0.000	0.000
EIF4A1	0.003	0.003	0.000	0.000	NA	NA	0.8554931355	0.003	0.003	0.000	0.000
NFATC1	0.003	0.003	0.000	0.000	NA	NA	0.8383612882	0.003	0.003	0.000	0.000
BMPR2	0.003	0.003	0.000	0.000	NA	NA	0.8297327515	0.003	0.003	0.000	0.000
NKX3-2	0.003	0.003	0.000	0.000	NA	NA	0.8251804153	0.006	0.006	0.000	0.000
GRB2	0.003	0.000	0.000	0.003	NA	NA	0.8198570063	0.003	0.000	0.000	0.003
AMHR2	0.003	0.003	0.000	0.000	NA	NA	0.8055533176	0.003	0.003	0.000	0.000
HSPA8	0.006	0.006	0.000	0.000	NA	NA	0.7807137390	0.006	0.006	0.000	0.000
GRM5	0.003	0.003	0.000	0.000	NA	NA	0.7691226307	0.012	0.009	0.000	0.003
MXD1	0.003	0.003	0.000	0.000	NA	NA	0.7659037327	0.003	0.003	0.000	0.000
STAT3	0.003	0.003	0.000	0.000	NA	NA	0.7659037327	0.003	0.003	0.000	0.000
SDC2	0.003	0.003	0.000	0.000	NA	NA	0.7621736409	0.003	0.003	0.000	0.000
BMI1	0.003	0.000	0.000	0.003	NA	NA	0.7441129121	0.015	0.000	0.012	0.003
PPP2R5D	0.003	0.003	0.000	0.000	NA	NA	0.7441129121	0.003	0.003	0.000	0.000
NGF	0.006	0.003	0.003	0.000	NA	NA	0.7232152765	0.006	0.003	0.003	0.000
YWHAH	0.003	0.000	0.003	0.000	NA	NA	0.7178651174	0.003	0.000	0.003	0.000
PLCB1	0.003	0.003	0.000	0.000	NA	NA	0.6802921812	0.003	0.003	0.000	0.000
DAPK1	0.003	0.003	0.000	0.000	NA	NA	0.6773013670	0.006	0.003	0.003	0.000
NEFH	0.003	0.003	0.000	0.000	NA	NA	0.6773013670	0.006	0.006	0.000	0.000
PCM1	0.006	0.003	0.003	0.000	NA	NA	0.6479632024	0.006	0.003	0.003	0.000
AKAP6	0.009	0.009	0.000	0.000	NA	NA	0.6398087022	0.009	0.009	0.000	0.000
PAX5	0.003	0.003	0.000	0.000	NA	NA	0.6332345053	0.003	0.003	0.000	0.000
SOS1	0.003	0.003	0.000	0.000	NA	NA	0.6178085684	0.003	0.003	0.000	0.000
LILRB3	0.009	0.009	0.000	0.000	NA	NA	0.6086822370	0.012	0.009	0.000	0.003
PPP3CC	0.003	0.000	0.003	0.000	NA	NA	0.6084359035	0.003	0.000	0.003	0.000
SPN	0.003	0.003	0.000	0.000	NA	NA	0.5895138860	0.003	0.003	0.000	0.000
NEK2	0.006	0.003	0.003	0.000	NA	NA	0.5731972154	0.006	0.003	0.003	0.000
ANAPC7	0.003	0.003	0.000	0.000	NA	NA	0.5682299740	0.003	0.003	0.000	0.000
RAN	0.003	0.000	0.003	0.000	NA	NA	0.5635554914	0.003	0.000	0.003	0.000
GNAO1	0.003	0.003	0.000	0.000	NA	NA	0.5324835035	0.003	0.003	0.000	0.000
MAP2K3	0.003	0.003	0.000	0.000	NA	NA	0.5324835035	0.003	0.003	0.000	0.000
NID1	0.003	0.003	0.000	0.000	NA	NA	0.4405187369	0.003	0.003	0.000	0.000
IL7	0.003	0.003	0.000	0.000	NA	NA	0.4171600293	0.003	0.003	0.000	0.000
TGFBI	0.003	0.003	0.000	0.000	NA	NA	0.3899167322	0.003	0.003	0.000	0.000
CCL3L1	0.003	0.000	0.003	0.000	NA	NA	0.3581174088	0.021	0.000	0.009	0.012
FZD10	0.006	0.003	0.003	0.000	NA	NA	0.3535844966	0.012	0.009	0.003	0.000
ELAVL2	0.088	0.006	0.082	0.000	NA	NA	0.3433767930	0.143	0.006	0.137	0.000
PDGFD	0.006	0.006	0.000	0.000	NA	NA	0.3338442599	0.006	0.006	0.000	0.000
CDH18	0.021	0.021	0.000	0.000	NA	NA	0.3160765684	0.027	0.027	0.000	0.000
GRID2	0.003	0.003	0.000	0.000	NA	NA	0.3083666793	0.006	0.006	0.000	0.000
PCDHA10	0.024	0.000	0.021	0.003	NA	NA	0.3073105918	0.024	0.000	0.021	0.003
GRIN2C	0.006	0.006	0.000	0.000	NA	NA	0.2920543327	0.006	0.006	0.000	0.000
DDB1	0.003	0.003	0.000	0.000	NA	NA	0.2878825668	0.003	0.003	0.000	0.000
SP1	0.003	0.003	0.000	0.000	NA	NA	0.2792697325	0.003	0.003	0.000	0.000
PCDH15	0.027	0.009	0.018	0.000	NA	NA	0.2756832550	0.027	0.009	0.018	0.000
F10	0.003	0.003	0.000	0.000	NA	NA	0.2523361921	0.003	0.003	0.000	0.000
FAT2	0.027	0.027	0.000	0.000	NA	NA	0.2345310026	0.027	0.027	0.000	0.000
CCNF	0.003	0.000	0.000	0.003	NA	NA	0.2320547602	0.003	0.000	0.000	0.003
GABRQ	0.003	0.003	0.000	0.000	NA	NA	0.2212139445	0.003	0.003	0.000	0.000
PCDHA8	0.012	0.000	0.003	0.009	NA	NA	0.2118825301	0.012	0.000	0.003	0.009
CELSR1	0.015	0.009	0.006	0.000	NA	NA	0.1892592936	0.015	0.009	0.006	0.000
RAF1	0.003	0.003	0.000	0.000	NA	NA	0.1881520124	0.003	0.003	0.000	0.000
CDH9	0.021	0.021	0.000	0.000	NA	NA	0.1856303128	0.021	0.021	0.000	0.000
PCDH19	0.018	0.018	0.000	0.000	NA	NA	0.1473531045	0.018	0.018	0.000	0.000
PCDH9	0.015	0.012	0.003	0.000	NA	NA	0.1404272388	0.015	0.012	0.003	0.000
PCDH11X	0.018	0.018	0.000	0.000	NA	NA	0.1345973552	0.024	0.024	0.000	0.000
CD1C	0.003	0.000	0.000	0.003	NA	NA	0.1281752764	0.006	0.000	0.000	0.006
SGCB	0.003	0.000	0.000	0.003	NA	NA	0.1202273965	0.024	0.000	0.000	0.024
DACH1	0.003	0.003	0.000	0.000	NA	NA	0.1090282965	0.006	0.003	0.003	0.000
GABBR2	0.003	0.003	0.000	0.000	NA	NA	0.0996946444	0.006	0.006	0.000	0.000
PCDH7	0.012	0.012	0.000	0.000	NA	NA	0.0946910280	0.012	0.012	0.000	0.000
CELSR3	0.012	0.012	0.000	0.000	NA	NA	0.0935315187	0.012	0.012	0.000	0.000
DCHS2	0.015	0.015	0.000	0.000	NA	NA	0.0929079994	0.015	0.015	0.000	0.000
PCDHB4	0.006	0.006	0.000	0.000	NA	NA	0.0919597853	0.006	0.006	0.000	0.000
TUBA4B	0.003	0.003	0.000	0.000	NA	NA	0.0896039653	0.003	0.003	0.000	0.000
CD79B	0.003	0.000	0.003	0.000	NA	NA	0.0893676537	0.006	0.000	0.006	0.000
CDH16	0.006	0.006	0.000	0.000	NA	NA	0.0878069046	0.006	0.006	0.000	0.000
MAP3K4	0.009	0.006	0.003	0.000	NA	NA	0.0867416238	0.009	0.006	0.003	0.000
PCDHB13	0.012	0.012	0.000	0.000	NA	NA	0.0865778671	0.012	0.012	0.000	0.000
PCDH21	0.015	0.000	0.015	0.000	NA	NA	0.0818576866	0.015	0.000	0.015	0.000
GRASP	0.003	0.000	0.000	0.003	NA	NA	0.0808343437	0.003	0.000	0.000	0.003
HLF	0.003	0.003	0.000	0.000	NA	NA	0.0780464685	0.003	0.003	0.000	0.000
FAT1	0.009	0.009	0.000	0.000	NA	NA	0.0765652822	0.009	0.009	0.000	0.000
SNAPIN	0.003	0.000	0.000	0.003	NA	NA	0.0749199383	0.003	0.000	0.000	0.003
GLI2	0.003	0.003	0.000	0.000	NA	NA	0.0718588516	0.003	0.003	0.000	0.000
FASTK	0.003	0.000	0.000	0.003	NA	NA	0.0647705828	0.012	0.000	0.000	0.012
CDH7	0.006	0.006	0.000	0.000	NA	NA	0.0621286260	0.006	0.006	0.000	0.000
HNRNPH3	0.003	0.003	0.000	0.000	NA	NA	0.0608875774	0.021	0.003	0.018	0.000
CSNK1G1	0.003	0.003	0.000	0.000	NA	NA	0.0606687891	0.003	0.003	0.000	0.000
CEP70	0.006	0.006	0.000	0.000	NA	NA	0.0585483282	0.009	0.006	0.000	0.003
SFI1	0.006	0.003	0.003	0.000	NA	NA	0.0574705519	0.012	0.006	0.006	0.000
KLC2	0.003	0.003	0.000	0.000	NA	NA	0.0564775857	0.003	0.003	0.000	0.000
PCDHB6	0.006	0.006	0.000	0.000	NA	NA	0.0511119666	0.006	0.006	0.000	0.000
CD97	0.003	0.003	0.000	0.000	NA	NA	0.0495609504	0.003	0.003	0.000	0.000
SFRS11	0.003	0.000	0.000	0.003	NA	NA	0.0458145116	0.003	0.000	0.000	0.003
PCDHB2	0.003	0.003	0.000	0.000	NA	NA	0.0449687484	0.003	0.003	0.000	0.000
S100A8	0.006	0.003	0.000	0.003	NA	NA	0.0444689920	0.009	0.006	0.000	0.003
RBMX	0.003	0.003	0.000	0.000	NA	NA	0.0440897887	0.009	0.006	0.000	0.003
DCHS1	0.006	0.006	0.000	0.000	NA	NA	0.0433684553	0.006	0.006	0.000	0.000
CDH17	0.003	0.000	0.000	0.003	NA	NA	0.0417745209	0.003	0.000	0.000	0.003
SHANK3	0.006	0.006	0.000	0.000	NA	NA	0.0413287707	0.006	0.006	0.000	0.000
KCNH1	0.006	0.006	0.000	0.000	NA	NA	0.0404112555	0.012	0.009	0.003	0.000
FRYL	0.003	0.003	0.000	0.000	NA	NA	0.0398814411	0.009	0.009	0.000	0.000
CDH19	0.006	0.006	0.000	0.000	NA	NA	0.0394556807	0.006	0.006	0.000	0.000
KCNB1	0.006	0.006	0.000	0.000	NA	NA	0.0393887191	0.006	0.006	0.000	0.000
GLIS1	0.003	0.003	0.000	0.000	NA	NA	0.0389912426	0.009	0.009	0.000	0.000
RASSF5	0.003	0.003	0.000	0.003	NA	NA	0.0387850903	0.003	0.003	0.000	0.003
NCL	0.003	0.003	0.000	0.000	NA	NA	0.0377342217	0.003	0.003	0.000	0.000
KCNV1	0.006	0.006	0.000	0.000	NA	NA	0.0354050084	0.009	0.006	0.000	0.003
LRP8	0.003	0.003	0.000	0.000	NA	NA	0.0344269252	0.003	0.003	0.000	0.000
CDH20	0.003	0.000	0.003	0.000	NA	NA	0.0339507535	0.003	0.000	0.003	0.000
CSPG4	0.003	0.003	0.000	0.000	NA	NA	0.0326766257	0.012	0.012	0.000	0.000
EEF1A1	0.009	0.009	0.000	0.000	NA	NA	0.0324085028	0.012	0.012	0.000	0.000
CDH8	0.006	0.003	0.000	0.003	NA	NA	0.0318723952	0.006	0.003	0.000	0.003
PSMA5	0.003	0.003	0.000	0.000	NA	NA	0.0297563212	0.003	0.003	0.000	0.000
DNM1L	0.003	0.000	0.000	0.003	NA	NA	0.0296060400	0.009	0.000	0.003	0.006
KCNS3	0.006	0.003	0.000	0.003	NA	NA	0.0290097061	0.009	0.003	0.000	0.006
BMPR1B	0.003	0.000	0.000	0.003	NA	NA	0.0280997101	0.003	0.000	0.000	0.003
RAD21	0.003	0.003	0.000	0.000	NA	NA	0.0277844185	0.003	0.003	0.000	0.000
KIFC3	0.003	0.003	0.000	0.000	NA	NA	0.0266056509	0.003	0.003	0.000	0.000
CDH13	0.006	0.006	0.000	0.000	NA	NA	0.0260694092	0.006	0.006	0.000	0.000
MNDA	0.003	0.003	0.000	0.000	NA	NA	0.0255816733	0.006	0.003	0.000	0.003
NDN	0.003	0.003	0.000	0.000	NA	NA	0.0250571537	0.006	0.006	0.000	0.000
KCNA4	0.006	0.006	0.000	0.000	NA	NA	0.0239448395	0.006	0.006	0.000	0.000
SLIT3	0.006	0.006	0.000	0.000	NA	NA	0.0231493422	0.030	0.030	0.000	0.000
DLG1	0.003	0.003	0.000	0.000	NA	NA	0.0230013723	0.003	0.003	0.000	0.000
CELSR2	0.003	0.003	0.000	0.000	NA	NA	0.0212133284	0.003	0.003	0.000	0.000
KIF15	0.003	0.003	0.000	0.000	NA	NA	0.0209547359	0.003	0.003	0.000	0.000
PPP1R1A	0.003	0.000	0.000	0.003	NA	NA	0.0207843771	0.006	0.000	0.000	0.006
ACVR1B	0.003	0.000	0.000	0.003	NA	NA	0.0207395955	0.003	0.000	0.000	0.003
CDH22	0.003	0.003	0.000	0.000	NA	NA	0.0203276333	0.003	0.003	0.000	0.000
SSRP1	0.003	0.003	0.000	0.000	NA	NA	0.0190705753	0.003	0.003	0.000	0.000
PCDH24	0.003	0.000	0.000	0.003	NA	NA	0.0190696927	0.003	0.000	0.000	0.003
HOXA2	0.003	0.000	0.000	0.003	NA	NA	0.0189619649	0.015	0.003	0.000	0.012
MVP	0.003	0.003	0.000	0.000	NA	NA	0.0184460642	0.009	0.009	0.000	0.000
ADCY6	0.003	0.000	0.000	0.003	NA	NA	0.0182112912	0.015	0.006	0.003	0.006
XIAP	0.003	0.000	0.003	0.000	NA	NA	0.0177929603	0.003	0.000	0.003	0.000
PIK3R5	0.003	0.003	0.000	0.000	NA	NA	0.0172721012	0.003	0.003	0.000	0.000
TPX2	0.003	0.003	0.000	0.000	NA	NA	0.0172664682	0.003	0.003	0.000	0.000
CACNA1G	0.003	0.003	0.000	0.000	NA	NA	0.0163626650	0.003	0.003	0.000	0.000
PIP5K1C	0.003	0.003	0.000	0.000	NA	NA	0.0158659070	0.003	0.003	0.000	0.000
CUGBP2	0.003	0.000	0.000	0.003	NA	NA	0.0153810581	0.012	0.000	0.009	0.003
NXF1	0.003	0.003	0.000	0.000	NA	NA	0.0153383243	0.003	0.003	0.000	0.000
DOCK1	0.003	0.003	0.000	0.000	NA	NA	0.0130957946	0.030	0.012	0.018	0.000
KCNJ4	0.003	0.000	0.003	0.000	NA	NA	0.0116431382	0.003	0.000	0.003	0.000
SRPR	0.003	0.003	0.000	0.000	NA	NA	0.0116245313	0.006	0.006	0.000	0.000
DYRK1B	0.003	0.000	0.000	0.003	NA	NA	0.0111445574	0.003	0.000	0.000	0.003
NLRP12	0.003	0.003	0.000	0.000	NA	NA	0.0109346971	0.021	0.021	0.000	0.000
FZD4	0.003	0.000	0.000	0.003	NA	NA	0.0105837499	0.003	0.000	0.000	0.003
IKBKE	0.003	0.000	0.000	0.003	NA	NA	0.0104079307	0.003	0.000	0.000	0.003
CIITA	0.003	0.003	0.000	0.000	NA	NA	0.0102689101	0.006	0.006	0.000	0.000
IL32	0.003	0.003	0.000	0.000	NA	NA	0.0097826172	0.003	0.003	0.000	0.000
MYOD1	0.003	0.003	0.000	0.000	NA	NA	0.0097129416	0.003	0.003	0.000	0.000
CTBP1	0.003	0.000	0.003	0.000	NA	NA	0.0095831147	0.006	0.000	0.006	0.000
P2RX2	0.003	0.003	0.000	0.000	NA	NA	0.0094206453	0.003	0.003	0.000	0.000
ELAVL1	0.003	0.003	0.000	0.000	NA	NA	0.0093969081	0.003	0.003	0.000	0.000
PPARG	0.003	0.003	0.000	0.000	NA	NA	0.0093547970	0.003	0.003	0.000	0.000
RBBP4	0.003	0.003	0.000	0.000	NA	NA	0.0092637881	0.003	0.003	0.000	0.000
VASP	0.003	0.003	0.000	0.000	NA	NA	0.0092538186	0.003	0.003	0.000	0.000
ZNF274	0.003	0.003	0.000	0.000	NA	NA	0.0089835258	0.006	0.006	0.000	0.000
PCDHB5	0.003	0.003	0.000	0.000	NA	NA	0.0089487234	0.006	0.006	0.000	0.000
PLCZ1	0.003	0.000	0.000	0.003	NA	NA	0.0089477027	0.009	0.003	0.003	0.003
TLE2	0.003	0.003	0.000	0.000	NA	NA	0.0087496572	0.006	0.006	0.000	0.000
POLA1	0.003	0.003	0.000	0.000	NA	NA	0.0085885490	0.003	0.003	0.000	0.000
MRE11A	0.003	0.003	0.000	0.000	NA	NA	0.0084544282	0.003	0.003	0.000	0.000
FOXO3	0.003	0.000	0.000	0.003	NA	NA	0.0084170816	0.009	0.003	0.003	0.003
GNA15	0.003	0.003	0.000	0.000	NA	NA	0.0082908175	0.003	0.003	0.000	0.000
IL12B	0.003	0.003	0.000	0.000	NA	NA	0.0079262257	0.003	0.003	0.000	0.000
MYBL1	0.003	0.003	0.000	0.000	NA	NA	0.0078105414	0.003	0.003	0.000	0.000
