L	D	F	JS Divergence
14	55	2.000	6355.447
14	55	2.500	2440.110
14	60	2.000	6470.689
14	60	2.500	2929.388
14	65	2.000	4193.271
14	65	2.500	2825.686
14	70	2.000	2916.330
14	70	2.500	2542.385
16	55	2.000	5687.294
16	55	2.500	2268.602
16	60	2.000	6513.205
16	60	2.500	2844.857
16	65	2.000	4489.727
16	65	2.500	2965.361
16	70	2.000	2817.266
16	70	2.500	3114.744
18	55	2.000	6814.442
18	55	2.500	2510.586
18	60	2.000	6331.171
18	60	2.500	2989.578
18	65	2.000	4275.105
18	65	2.500	3026.460
18	70	2.000	3000.060
18	70	2.500	2880.678
20	55	2.000	5622.707
20	55	2.500	2395.925
20	60	2.000	7111.244
20	60	2.500	3298.490
20	65	2.000	4013.860
20	65	2.500	3254.394
20	70	2.000	3615.648
20	70	2.500	2551.747
