GENE	DRIVER_FREQUENCY	DRIVER_SNV_FREQUENCY	DRIVER_DELTION_FREQUENCY	DRIVER_AMPLIFICATION_FREQUENCY	CANCER_CENSUS	PAN_CANCER	IMPACT	MUTATION_FREQUENCY	SNV_FREQUENCY	DELTION_FREQUENCY	AMPLIFICATION_FREQUENCY
EGFR	0.393	0.262	0.000	0.241	CC	PC	137.594931087711	0.393	0.262	0.000	0.241
CDKN2A	0.448	0.015	0.433	0.000	CC	PC	117.685167588937	0.470	0.015	0.454	0.000
TP53	0.284	0.280	0.003	0.000	CC	PC	105.791811953122	0.284	0.280	0.003	0.000
CDKN2B	0.381	0.003	0.378	0.000	-	-	101.287304668921	0.448	0.003	0.445	0.000
PTEN	0.290	0.265	0.024	0.000	CC	PC	87.6363820644734	0.314	0.290	0.024	0.000
HLA-DRB1	0.189	0.000	0.006	0.183	-	-	56.2570482813736	0.189	0.000	0.006	0.183
CDK4	0.113	0.000	0.000	0.113	CC	-	40.8830789019823	0.116	0.000	0.000	0.116
SEC61G	0.162	0.000	0.000	0.162	-	-	37.7591690204444	0.317	0.000	0.000	0.317
PIK3CA	0.091	0.088	0.000	0.003	CC	PC	37.4896291339176	0.091	0.088	0.000	0.003
PRKY	0.162	0.000	0.162	0.000	-	-	36.8844683373323	0.195	0.000	0.195	0.000
PIK3R1	0.091	0.088	0.006	0.000	CC	PC	34.7959470896905	0.091	0.088	0.006	0.000
RB1	0.067	0.061	0.009	0.000	CC	PC	27.122001231746	0.070	0.064	0.009	0.000
TBL1Y	0.067	0.000	0.067	0.000	-	-	26.0893894787508	0.195	0.000	0.195	0.000
TTN	0.052	0.052	0.000	0.000	-	-	24.8685861745656	0.207	0.207	0.000	0.000
NF1	0.055	0.055	0.000	0.000	CC	PC	22.3898988972374	0.095	0.095	0.000	0.000
DCTN2	0.061	0.003	0.003	0.058	-	-	21.7380413643815	0.064	0.003	0.003	0.061
KIT	0.073	0.012	0.000	0.061	CC	PC	20.899611241135	0.076	0.012	0.000	0.064
KLHL9	0.104	0.000	0.104	0.000	-	-	20.2307696433071	0.229	0.000	0.229	0.000
GLI1	0.040	0.003	0.000	0.037	-	-	19.2706233831643	0.064	0.009	0.003	0.052
PIK3C2B	0.052	0.012	0.000	0.043	-	-	19.0295736955107	0.055	0.012	0.000	0.046
MDM2	0.049	0.000	0.000	0.049	CC	-	18.8148782888294	0.076	0.006	0.000	0.070
PDGFRA	0.055	0.040	0.000	0.024	CC	PC	17.0493477655487	0.055	0.040	0.000	0.024
KDR	0.055	0.021	0.000	0.037	CC	-	16.6781489876824	0.064	0.027	0.000	0.040
COL1A2	0.043	0.027	0.000	0.015	-	-	15.7158227056021	0.043	0.027	0.000	0.015
LRP1	0.034	0.018	0.006	0.009	-	-	14.7706567663558	0.034	0.018	0.006	0.009
PIK3CG	0.037	0.027	0.000	0.009	-	PC	14.0595063732261	0.037	0.027	0.000	0.009
IFNG	0.034	0.006	0.009	0.018	-	-	13.4741834244393	0.034	0.006	0.009	0.018
IKZF1	0.030	0.006	0.000	0.024	CC	-	12.9564718418855	0.030	0.006	0.000	0.024
KIF5A	0.037	0.000	0.000	0.037	-	-	12.8250929679412	0.064	0.000	0.003	0.061
TEK	0.034	0.003	0.030	0.000	-	-	12.7370336580084	0.064	0.015	0.049	0.000
CD3G	0.027	0.003	0.003	0.021	-	-	12.4741534538924	0.030	0.003	0.003	0.024
ATRX	0.037	0.037	0.000	0.000	CC	PC	11.6372694433068	0.043	0.043	0.000	0.000
RYR2	0.052	0.052	0.000	0.000	-	-	11.5834125435637	0.079	0.079	0.000	0.000
AMPH	0.021	0.012	0.000	0.009	-	PC	11.4091654797159	0.021	0.012	0.000	0.009
COL6A3	0.034	0.034	0.000	0.000	-	-	11.3093332724718	0.034	0.034	0.000	0.000
DMD	0.027	0.021	0.003	0.003	-	PC	11.3014081187595	0.040	0.034	0.003	0.003
MET	0.030	0.015	0.000	0.015	CC	-	11.2147189417195	0.030	0.015	0.000	0.015
NOS3	0.027	0.018	0.000	0.012	-	-	11.1895939818973	0.027	0.018	0.000	0.012
COL6A2	0.027	0.027	0.000	0.000	-	-	10.5801733109901	0.027	0.027	0.000	0.000
GLI3	0.018	0.006	0.000	0.012	-	-	9.99993848605034	0.018	0.006	0.000	0.012
LRP2	0.024	0.024	0.000	0.000	-	-	9.89285747138164	0.046	0.046	0.000	0.000
PPIA	0.018	0.000	0.000	0.018	-	-	9.88906084778407	0.018	0.000	0.000	0.018
ANK2	0.030	0.030	0.000	0.000	-	-	9.88594663847659	0.030	0.030	0.000	0.000
RIMS2	0.034	0.034	0.000	0.000	-	-	9.88260093219545	0.034	0.034	0.000	0.000
FGFR2	0.027	0.003	0.021	0.003	CC	PC	9.66021167333832	0.027	0.003	0.021	0.003
LAMA2	0.018	0.018	0.000	0.000	-	-	9.57202798846621	0.018	0.018	0.000	0.000
GRB10	0.021	0.006	0.000	0.015	-	-	9.45095404338517	0.027	0.006	0.000	0.021
PSMA2	0.015	0.000	0.000	0.015	-	-	8.95963266624636	0.015	0.000	0.000	0.015
PTPRB	0.021	0.006	0.000	0.015	-	-	8.95747560806677	0.021	0.006	0.000	0.015
FRS2	0.024	0.000	0.000	0.024	-	-	8.64251603627467	0.024	0.000	0.000	0.024
FN1	0.018	0.018	0.000	0.000	-	PC	8.62079368684046	0.018	0.018	0.000	0.000
STAT6	0.021	0.003	0.006	0.012	-	-	8.40833285216625	0.021	0.003	0.006	0.012
LAMA1	0.018	0.018	0.000	0.000	-	-	8.29752599561164	0.018	0.018	0.000	0.000
SMARCC2	0.015	0.006	0.003	0.006	-	-	8.25399174160746	0.015	0.006	0.003	0.006
DRD5	0.027	0.027	0.000	0.000	-	-	8.19672155526748	0.027	0.027	0.000	0.000
FLNC	0.024	0.009	0.000	0.015	-	-	8.19317773063529	0.024	0.009	0.000	0.015
NOS1	0.018	0.015	0.000	0.003	-	-	8.099073871975	0.018	0.015	0.000	0.003
ADAM12	0.021	0.006	0.015	0.000	-	-	8.09903864981815	0.024	0.006	0.018	0.000
PIK3C2G	0.027	0.024	0.003	0.000	-	-	8.00870170839351	0.027	0.024	0.003	0.000
LAMA5	0.015	0.015	0.000	0.000	-	-	7.98696805714726	0.015	0.015	0.000	0.000
PLAU	0.021	0.000	0.021	0.000	-	-	7.85729556405296	0.021	0.000	0.021	0.000
BUB3	0.021	0.000	0.021	0.000	-	-	7.85729556405296	0.021	0.000	0.021	0.000
NCF1	0.018	0.003	0.000	0.015	-	-	7.8019484131235	0.018	0.003	0.000	0.015
MAPK8	0.018	0.003	0.015	0.000	-	-	7.78784214079129	0.018	0.003	0.015	0.000
CTDSP2	0.018	0.003	0.000	0.015	-	-	7.76957222856792	0.095	0.003	0.000	0.091
MDM4	0.015	0.003	0.000	0.012	CC	-	7.64437607729801	0.037	0.003	0.000	0.034
ACTB	0.012	0.000	0.000	0.012	-	-	7.52521612266649	0.012	0.000	0.000	0.012
FAS	0.018	0.000	0.018	0.000	-	-	7.38601770710142	0.024	0.000	0.024	0.000
PGR	0.015	0.015	0.000	0.000	-	-	7.38251248182029	0.018	0.018	0.000	0.000
RERE	0.018	0.015	0.003	0.000	-	-	7.37587248589121	0.027	0.018	0.009	0.000
CCT6A	0.058	0.000	0.000	0.058	-	-	7.2605935366736	0.082	0.000	0.000	0.082
ITGB8	0.015	0.003	0.000	0.012	-	-	7.24653666100554	0.015	0.003	0.000	0.012
GABRA6	0.024	0.024	0.000	0.000	-	-	7.20062373728467	0.027	0.027	0.000	0.000
HNRNPA2B1	0.009	0.000	0.000	0.009	CC	-	7.17598178472787	0.012	0.000	0.000	0.012
RELN	0.027	0.024	0.000	0.003	-	-	7.13650900765458	0.046	0.040	0.000	0.006
AKAP9	0.024	0.015	0.000	0.009	CC	PC	7.11840753597076	0.027	0.015	0.000	0.012
ING3	0.009	0.000	0.000	0.009	-	-	6.91669656620034	0.015	0.000	0.000	0.015
ITGB1	0.018	0.003	0.012	0.003	-	-	6.77713818054177	0.018	0.003	0.012	0.003
ATR	0.018	0.015	0.000	0.003	-	PC	6.76402447152627	0.018	0.015	0.000	0.003
ATM	0.018	0.018	0.000	0.000	CC	PC	6.7069048753151	0.018	0.018	0.000	0.000
DSP	0.012	0.012	0.000	0.000	-	-	6.60211722141432	0.030	0.030	0.000	0.000
LAMB4	0.018	0.012	0.000	0.006	-	-	6.56260045328079	0.018	0.012	0.000	0.006
FLT1	0.018	0.015	0.003	0.000	-	-	6.53764760764051	0.018	0.015	0.003	0.000
CNOT2	0.012	0.003	0.000	0.012	-	-	6.53637254473212	0.021	0.003	0.000	0.021
XRCC2	0.015	0.000	0.003	0.012	-	-	6.5266257338719	0.018	0.000	0.003	0.015
FGFR1	0.012	0.012	0.000	0.000	CC	-	6.365783048509	0.012	0.012	0.000	0.000
FBN2	0.018	0.015	0.003	0.000	-	PC	6.32242027243123	0.021	0.018	0.003	0.000
EPC1	0.018	0.003	0.012	0.003	-	-	6.3004427331505	0.018	0.003	0.012	0.003
GABRB3	0.021	0.018	0.003	0.000	-	-	6.27954442429445	0.021	0.018	0.003	0.000
DDIT3	0.018	0.000	0.000	0.018	CC	-	6.19752989637445	0.073	0.003	0.003	0.067
CNTN2	0.018	0.006	0.000	0.012	-	-	6.19678644823559	0.018	0.006	0.000	0.012
TCF7L2	0.021	0.006	0.015	0.000	CC	PC	6.19025095710077	0.021	0.006	0.015	0.000
GRIN2A	0.024	0.024	0.000	0.000	-	-	6.18868456545412	0.024	0.024	0.000	0.000
CCT2	0.024	0.006	0.000	0.018	-	-	6.18450843496012	0.030	0.006	0.000	0.024
FGFR4	0.012	0.012	0.000	0.000	-	-	6.17712906451794	0.012	0.012	0.000	0.000
STX1A	0.015	0.000	0.000	0.015	-	-	6.1495943512482	0.015	0.000	0.000	0.015
DNMBP	0.018	0.012	0.006	0.000	-	-	6.04046151149864	0.024	0.012	0.012	0.000
COL1A1	0.012	0.012	0.000	0.000	CC	-	5.9780972627447	0.012	0.012	0.000	0.000
MSH6	0.015	0.015	0.000	0.000	CC	-	5.93922295917632	0.018	0.018	0.000	0.000
DNAH9	0.027	0.027	0.000	0.000	-	-	5.91837061114499	0.027	0.027	0.000	0.000
LAMB1	0.015	0.009	0.000	0.006	-	-	5.7949017398498	0.015	0.009	0.000	0.006
FGFR3	0.015	0.012	0.000	0.003	CC	PC	5.73452187923753	0.015	0.012	0.000	0.003
ZWINT	0.012	0.000	0.012	0.000	-	-	5.72199061218468	0.015	0.000	0.015	0.000
SMARCA2	0.015	0.003	0.012	0.000	-	-	5.70507658419413	0.021	0.009	0.012	0.000
ANK1	0.024	0.021	0.003	0.000	-	-	5.6862039063634	0.037	0.021	0.015	0.000
HGF	0.018	0.006	0.000	0.012	-	PC	5.65331751223796	0.018	0.006	0.000	0.012
VAV1	0.009	0.009	0.000	0.000	-	-	5.55166827884234	0.009	0.009	0.000	0.000
HOXA9	0.009	0.000	0.000	0.009	CC	-	5.54577397143776	0.015	0.003	0.000	0.012
GNAT3	0.024	0.012	0.000	0.012	-	-	5.47368620746196	0.027	0.012	0.000	0.015
MLLT4	0.015	0.012	0.003	0.000	CC	PC	5.46899140941213	0.015	0.012	0.003	0.000
CDK6	0.018	0.000	0.000	0.018	CC	-	5.44574359913898	0.018	0.000	0.000	0.018
FBLN2	0.018	0.018	0.000	0.000	-	-	5.39924017155173	0.018	0.018	0.000	0.000
SMC3	0.015	0.000	0.015	0.000	-	PC	5.39823436382759	0.024	0.009	0.015	0.000
IGFBP3	0.018	0.000	0.000	0.018	-	-	5.31401980939085	0.018	0.000	0.000	0.018
GABRA1	0.015	0.015	0.000	0.000	-	-	5.27158553202993	0.015	0.015	0.000	0.000
TSC2	0.012	0.012	0.000	0.000	CC	PC	5.25121905661926	0.012	0.012	0.000	0.000
ITSN1	0.009	0.009	0.000	0.000	-	-	5.23246128865743	0.012	0.012	0.000	0.000
WEE2	0.012	0.006	0.000	0.006	-	-	5.21418815335355	0.015	0.006	0.000	0.009
APOB	0.012	0.012	0.000	0.000	-	-	5.17935862724204	0.040	0.037	0.000	0.003
ASPM	0.012	0.012	0.000	0.000	-	PC	5.17553006203367	0.015	0.015	0.000	0.000
ITGB3	0.012	0.012	0.000	0.000	-	-	5.06437803395018	0.012	0.012	0.000	0.000
RALA	0.012	0.000	0.000	0.012	-	-	5.01595840916502	0.012	0.000	0.000	0.012
ERG	0.012	0.009	0.003	0.000	CC	-	4.99618400991135	0.012	0.009	0.003	0.000
TNC	0.012	0.012	0.000	0.000	-	-	4.9811193068687	0.012	0.012	0.000	0.000
LAMB3	0.012	0.012	0.000	0.000	-	-	4.9749150010831	0.012	0.012	0.000	0.000
ADCYAP1R1	0.006	0.000	0.000	0.006	-	-	4.92686909586504	0.018	0.003	0.000	0.015
FLI1	0.009	0.009	0.000	0.000	CC	-	4.9216131348057	0.009	0.009	0.000	0.000
HDAC2	0.012	0.009	0.003	0.000	-	-	4.89122316306704	0.012	0.009	0.003	0.000
ZNF3	0.009	0.003	0.000	0.006	-	-	4.86770502654611	0.012	0.006	0.000	0.006
DFFB	0.009	0.000	0.009	0.000	-	-	4.83148470028562	0.009	0.000	0.009	0.000
CACNA1S	0.021	0.018	0.000	0.003	-	-	4.81813367775636	0.027	0.024	0.000	0.003
RAC1	0.006	0.000	0.000	0.006	-	PC	4.80254486918373	0.006	0.000	0.000	0.006
ATN1	0.012	0.009	0.000	0.003	-	-	4.77258357387677	0.015	0.009	0.000	0.006
SLC6A3	0.018	0.012	0.003	0.003	-	-	4.74734285580222	0.018	0.012	0.003	0.003
EZH2	0.012	0.000	0.000	0.012	CC	PC	4.65545240353413	0.015	0.003	0.000	0.012
DBNL	0.012	0.000	0.000	0.012	-	-	4.64565171150263	0.018	0.000	0.000	0.018
ITGAM	0.015	0.015	0.000	0.000	-	-	4.6014889570974	0.015	0.015	0.000	0.000
SLC18A2	0.018	0.003	0.015	0.000	-	-	4.56778962362072	0.018	0.003	0.015	0.000
PIK3CD	0.012	0.000	0.009	0.003	-	-	4.55200981405875	0.012	0.000	0.009	0.003
COL2A1	0.009	0.003	0.003	0.003	-	-	4.5364975061644	0.009	0.003	0.003	0.003
CREBBP	0.015	0.015	0.000	0.000	CC	-	4.51013136300739	0.015	0.015	0.000	0.000
GABRB2	0.015	0.015	0.000	0.000	-	-	4.48592400877455	0.015	0.015	0.000	0.000
FLNA	0.018	0.012	0.003	0.003	-	-	4.47456575760669	0.018	0.012	0.003	0.003
VEGFA	0.012	0.006	0.000	0.006	-	-	4.44974612361841	0.012	0.006	0.000	0.006
HLA-A	0.009	0.000	0.009	0.000	-	PC	4.42761935471855	0.009	0.000	0.009	0.000
VAMP7	0.009	0.009	0.000	0.000	-	-	4.40600817670823	0.009	0.009	0.000	0.000
BTRC	0.015	0.003	0.012	0.000	-	-	4.39751389396632	0.015	0.003	0.012	0.000
CEP135	0.024	0.000	0.003	0.021	-	-	4.30266525153938	0.027	0.003	0.003	0.021
COL14A1	0.015	0.015	0.000	0.000	-	-	4.28419448746165	0.015	0.015	0.000	0.000
LAMC3	0.015	0.015	0.000	0.000	-	-	4.2616182002905	0.015	0.015	0.000	0.000
PIK3CB	0.009	0.006	0.000	0.003	-	PC	4.25981205243197	0.009	0.006	0.000	0.003
NOD1	0.012	0.000	0.000	0.012	-	-	4.24919065897699	0.021	0.006	0.000	0.015
EP300	0.009	0.006	0.003	0.000	CC	PC	4.10972683045504	0.009	0.006	0.003	0.000
ERBB2	0.021	0.021	0.000	0.000	CC	PC	4.10398344458039	0.021	0.021	0.000	0.000
BRCA1	0.012	0.012	0.000	0.000	CC	PC	4.08328126268989	0.012	0.012	0.000	0.000
PRKCQ	0.015	0.003	0.009	0.003	-	-	4.07610473633882	0.015	0.003	0.009	0.003
MASTL	0.012	0.000	0.009	0.003	-	-	4.06810267468067	0.012	0.000	0.009	0.003
MYST4	0.012	0.009	0.003	0.000	CC	-	4.04626051548959	0.030	0.009	0.021	0.000
NRXN1	0.009	0.009	0.000	0.000	-	-	4.04156351812558	0.015	0.015	0.000	0.000
COL11A2	0.012	0.012	0.000	0.000	-	-	4.03587034715645	0.018	0.018	0.000	0.000
EGF	0.009	0.009	0.000	0.000	-	-	4.0297331358509	0.009	0.009	0.000	0.000
ITGA8	0.015	0.003	0.009	0.003	-	-	4.02690264209913	0.015	0.003	0.009	0.003
CHEK1	0.012	0.012	0.000	0.000	-	-	3.99834987323804	0.012	0.012	0.000	0.000
SRPK1	0.009	0.006	0.000	0.003	-	-	3.90050906894249	0.009	0.006	0.000	0.003
LAMA3	0.012	0.012	0.000	0.000	-	-	3.82290418420883	0.012	0.012	0.000	0.000
PLG	0.009	0.006	0.003	0.000	-	-	3.8041184546835	0.009	0.006	0.003	0.000
CEP63	0.009	0.006	0.003	0.000	-	-	3.77335613163017	0.009	0.006	0.003	0.000
BCAR1	0.009	0.006	0.003	0.000	-	-	3.74662610416977	0.009	0.006	0.003	0.000
COL4A5	0.012	0.009	0.003	0.000	-	-	3.72342432877998	0.012	0.009	0.003	0.000
VAV2	0.009	0.009	0.000	0.000	-	-	3.72027779211761	0.009	0.009	0.000	0.000
MED13	0.009	0.009	0.000	0.000	-	PC	3.69066645825344	0.009	0.009	0.000	0.000
SHB	0.012	0.009	0.003	0.000	-	-	3.67287542362033	0.012	0.009	0.003	0.000
MCM5	0.009	0.006	0.003	0.000	-	-	3.65937206096911	0.009	0.006	0.003	0.000
MCM6	0.009	0.006	0.000	0.003	-	-	3.62296188256463	0.009	0.006	0.000	0.003
F8	0.015	0.015	0.000	0.000	-	-	3.58987569151616	0.015	0.015	0.000	0.000
PRKX	0.006	0.003	0.003	0.000	-	-	3.58751941453118	0.006	0.003	0.003	0.000
SMAD4	0.006	0.006	0.000	0.000	-	PC	3.57616650668569	0.006	0.006	0.000	0.000
ITGB4	0.012	0.009	0.000	0.003	-	-	3.57377347896709	0.012	0.009	0.000	0.003
VAMP3	0.012	0.003	0.009	0.000	-	-	3.57164328623713	0.012	0.003	0.009	0.000
EZR	0.012	0.012	0.000	0.000	CC	-	3.55663247541001	0.012	0.012	0.000	0.000
MAP4K1	0.009	0.006	0.000	0.003	-	-	3.54678527348549	0.009	0.006	0.000	0.003
CHEK2	0.012	0.012	0.000	0.000	CC	PC	3.53345436073193	0.024	0.024	0.000	0.000
F2	0.006	0.006	0.000	0.000	-	-	3.51443504061577	0.006	0.006	0.000	0.000
PRKDC	0.021	0.021	0.000	0.000	-	-	3.46512855986294	0.021	0.021	0.000	0.000
DBF4	0.009	0.000	0.000	0.009	-	-	3.43696610229856	0.012	0.000	0.000	0.012
CHL1	0.015	0.015	0.000	0.000	-	-	3.42960081875939	0.021	0.021	0.000	0.000
MCM7	0.009	0.003	0.000	0.006	-	-	3.41233982647564	0.012	0.006	0.000	0.006
SMO	0.009	0.003	0.000	0.006	CC	-	3.41226605659379	0.015	0.003	0.000	0.012
IGF2R	0.006	0.006	0.000	0.000	-	-	3.4116868864782	0.006	0.006	0.000	0.000
CDC2	0.009	0.000	0.009	0.000	-	-	3.40467316190791	0.009	0.000	0.009	0.000
PSMC2	0.006	0.000	0.000	0.006	-	-	3.40436846423989	0.006	0.000	0.000	0.006
CDH5	0.006	0.006	0.000	0.000	-	-	3.37457468430973	0.006	0.006	0.000	0.000
VCAN	0.009	0.006	0.003	0.000	-	-	3.33049899248279	0.009	0.006	0.003	0.000
PTPRC	0.006	0.006	0.000	0.000	-	-	3.32192650506206	0.006	0.006	0.000	0.000
ITGA4	0.009	0.009	0.000	0.000	-	-	3.31788852736694	0.009	0.009	0.000	0.000
DLG4	0.006	0.006	0.000	0.000	-	-	3.31296507275914	0.009	0.009	0.000	0.000
ITGA7	0.006	0.003	0.000	0.003	-	-	3.24253036164824	0.006	0.003	0.000	0.003
POLR2A	0.006	0.006	0.000	0.000	-	-	3.22674626014366	0.006	0.006	0.000	0.000
CACNB3	0.003	0.000	0.000	0.003	-	-	3.20108822733844	0.015	0.006	0.003	0.006
GABRG2	0.009	0.009	0.000	0.000	-	-	3.19878666300882	0.009	0.009	0.000	0.000
LYN	0.009	0.009	0.000	0.000	-	PC	3.17005370187729	0.009	0.009	0.000	0.000
DOCK2	0.012	0.012	0.000	0.000	-	PC	3.15582958501895	0.018	0.018	0.000	0.000
BCR	0.009	0.006	0.003	0.000	CC	-	3.14274350798154	0.009	0.006	0.003	0.000
BSG	0.006	0.000	0.003	0.003	-	-	3.13785652524074	0.006	0.000	0.003	0.003
PTPN11	0.012	0.012	0.000	0.000	CC	PC	3.12477080985801	0.012	0.012	0.000	0.000
EGR1	0.009	0.009	0.000	0.000	-	-	3.11904356577179	0.009	0.009	0.000	0.000
ACAN	0.012	0.012	0.000	0.000	-	-	3.01550893414804	0.012	0.012	0.000	0.000
LAMC1	0.006	0.006	0.000	0.000	-	-	2.9972598178672	0.006	0.006	0.000	0.000
ITGAX	0.015	0.015	0.000	0.000	-	-	2.93929801359897	0.018	0.018	0.000	0.000
CD3E	0.006	0.006	0.000	0.000	-	-	2.91223719520941	0.006	0.006	0.000	0.000
POU2F1	0.006	0.006	0.000	0.000	-	-	2.91038377195409	0.006	0.006	0.000	0.000
STAT1	0.006	0.006	0.000	0.000	-	-	2.88431216640273	0.006	0.006	0.000	0.000
MAPK1	0.009	0.006	0.003	0.000	-	-	2.85985448098381	0.009	0.006	0.003	0.000
ABL1	0.006	0.006	0.000	0.000	CC	PC	2.83616500491132	0.006	0.006	0.000	0.000
ITGA10	0.009	0.009	0.000	0.000	-	-	2.81215658175268	0.009	0.009	0.000	0.000
SDCCAG8	0.012	0.003	0.000	0.009	-	-	2.7748681951392	0.012	0.003	0.000	0.009
PLCG1	0.012	0.012	0.000	0.000	-	PC	2.71907248539657	0.012	0.012	0.000	0.000
IGF1R	0.006	0.006	0.000	0.000	-	-	2.7167860381298	0.006	0.006	0.000	0.000
AKT1	0.012	0.003	0.000	0.009	CC	PC	2.70943079101927	0.012	0.003	0.000	0.009
SMC1A	0.012	0.009	0.000	0.003	-	PC	2.68724166681851	0.015	0.012	0.000	0.003
PDGFRB	0.009	0.009	0.000	0.000	CC	-	2.67272549500568	0.012	0.012	0.000	0.000
MMP7	0.006	0.006	0.000	0.000	-	-	2.65436734078737	0.006	0.006	0.000	0.000
RYR1	0.012	0.012	0.000	0.000	-	-	2.64822997699012	0.015	0.015	0.000	0.000
PSMB8	0.006	0.006	0.000	0.000	-	-	2.62954057212222	0.006	0.006	0.000	0.000
PRKCA	0.006	0.006	0.000	0.000	-	-	2.59842982311924	0.006	0.006	0.000	0.000
CRKL	0.006	0.003	0.003	0.000	-	-	2.58237201142279	0.006	0.003	0.003	0.000
CUBN	0.006	0.006	0.000	0.000	-	-	2.56672249728642	0.024	0.012	0.009	0.003
SFN	0.003	0.003	0.000	0.000	-	-	2.52503952078087	0.003	0.003	0.000	0.000
TUBG1	0.006	0.006	0.000	0.000	-	-	2.52130668246368	0.006	0.006	0.000	0.000
TARDBP	0.006	0.000	0.003	0.003	-	-	2.51417557071502	0.006	0.000	0.003	0.003
FBLN1	0.009	0.006	0.003	0.000	-	-	2.48922115130465	0.012	0.006	0.006	0.000
BCLAF1	0.006	0.006	0.000	0.000	-	PC	2.47556923461758	0.015	0.015	0.000	0.000
PSIP1	0.009	0.000	0.009	0.000	-	-	2.46385145722182	0.012	0.000	0.009	0.003
PRKCB	0.009	0.009	0.000	0.000	-	-	2.45046984888001	0.009	0.009	0.000	0.000
COL4A1	0.009	0.009	0.000	0.000	-	-	2.44598967884046	0.009	0.009	0.000	0.000
ACTN1	0.006	0.006	0.000	0.000	-	-	2.44184138925457	0.006	0.006	0.000	0.000
ITGB7	0.009	0.009	0.000	0.000	-	-	2.44112639048633	0.009	0.009	0.000	0.000
RAB3GAP2	0.012	0.009	0.003	0.000	-	-	2.37580631362779	0.012	0.009	0.003	0.000
MORF4L1	0.003	0.003	0.000	0.000	-	-	2.37343691554415	0.003	0.003	0.000	0.000
ITGA1	0.006	0.006	0.000	0.000	-	-	2.36559496500006	0.006	0.006	0.000	0.000
PSMD13	0.009	0.009	0.000	0.000	-	-	2.33895005653655	0.009	0.009	0.000	0.000
RAD50	0.006	0.003	0.003	0.000	-	-	2.32706134998047	0.006	0.003	0.003	0.000
CALML5	0.015	0.003	0.009	0.003	-	-	2.32435258551144	0.015	0.003	0.009	0.003
TUBG2	0.003	0.003	0.000	0.000	-	-	2.31731745027677	0.003	0.003	0.000	0.000
RASA1	0.003	0.000	0.003	0.000	-	PC	2.31731745027677	0.003	0.000	0.003	0.000
PTBP1	0.003	0.000	0.003	0.000	-	-	2.31731745027677	0.009	0.003	0.003	0.003
PRKACG	0.003	0.000	0.003	0.000	-	-	2.31731745027677	0.003	0.000	0.003	0.000
NCAPH	0.003	0.000	0.000	0.003	-	-	2.31731745027677	0.003	0.000	0.000	0.003
EPHA1	0.006	0.003	0.000	0.003	-	-	2.31404528941405	0.009	0.003	0.000	0.006
PXN	0.006	0.003	0.000	0.003	-	-	2.30977900460703	0.006	0.003	0.000	0.003
SYNJ1	0.006	0.000	0.000	0.006	-	-	2.29493875549696	0.006	0.000	0.000	0.006
IL12RB2	0.009	0.006	0.000	0.003	-	-	2.29260760216811	0.009	0.006	0.000	0.003
HMHA1	0.006	0.006	0.000	0.000	-	-	2.2814685323759	0.009	0.006	0.003	0.000
SMARCA4	0.003	0.003	0.000	0.000	CC	PC	2.28099748619867	0.003	0.003	0.000	0.000
ZNF212	0.012	0.000	0.000	0.012	-	-	2.27572980882789	0.012	0.000	0.000	0.012
TES	0.009	0.000	0.000	0.009	-	-	2.26758825724302	0.018	0.006	0.000	0.012
TRPV6	0.009	0.009	0.000	0.003	-	-	2.26608995923587	0.024	0.021	0.000	0.006
NTRK3	0.003	0.003	0.000	0.000	CC	-	2.25920504039677	0.006	0.006	0.000	0.000
TUBA3C	0.006	0.006	0.000	0.000	-	-	2.25851289642601	0.012	0.012	0.000	0.000
STXBP1	0.006	0.006	0.000	0.000	-	-	2.24291187940812	0.006	0.006	0.000	0.000
KIR3DL2	0.006	0.006	0.000	0.000	-	-	2.24129963748614	0.018	0.015	0.003	0.000
CHP2	0.006	0.006	0.000	0.000	-	-	2.23173656287286	0.006	0.006	0.000	0.000
IKZF3	0.006	0.006	0.000	0.000	-	-	2.22846483258055	0.006	0.006	0.000	0.000
CSNK2B	0.009	0.003	0.003	0.003	-	-	2.22842708392706	0.009	0.003	0.003	0.003
FOXG1	0.003	0.003	0.000	0.000	-	-	2.22149828242608	0.009	0.009	0.000	0.000
FCER1A	0.003	0.003	0.000	0.000	-	-	2.22149828242608	0.006	0.006	0.000	0.000
CNTN1	0.006	0.003	0.003	0.000	-	-	2.21749151971275	0.006	0.003	0.003	0.000
PPP2R1B	0.003	0.003	0.000	0.000	-	-	2.21022698473592	0.006	0.006	0.000	0.000
ESR1	0.003	0.003	0.000	0.000	-	PC	2.21022698473592	0.003	0.003	0.000	0.000
E2F4	0.003	0.003	0.000	0.000	-	-	2.21022698473592	0.003	0.003	0.000	0.000
IGFBP7	0.012	0.000	0.003	0.009	-	-	2.174447283438	0.015	0.000	0.003	0.012
CDH23	0.030	0.009	0.021	0.000	-	-	2.16130382140004	0.030	0.009	0.021	0.000
SREBF1	0.003	0.003	0.000	0.000	-	-	2.15236281020652	0.003	0.003	0.000	0.000
VLDLR	0.006	0.003	0.003	0.000	-	-	2.15055399299674	0.012	0.003	0.009	0.000
SLC26A8	0.012	0.009	0.000	0.003	-	-	2.10811594864268	0.012	0.009	0.000	0.003
PTPN6	0.009	0.003	0.000	0.006	-	-	2.10289380185389	0.009	0.003	0.000	0.006
PPARA	0.009	0.003	0.006	0.000	-	-	2.10103192602935	0.009	0.003	0.006	0.000
KALRN	0.006	0.006	0.000	0.000	-	PC	2.09600040924816	0.012	0.012	0.000	0.000
TUBGCP5	0.006	0.003	0.003	0.000	-	-	2.08479465425116	0.009	0.006	0.003	0.000
CEP250	0.009	0.009	0.000	0.000	-	-	2.07333252965733	0.009	0.009	0.000	0.000
ADCY9	0.006	0.006	0.000	0.000	-	-	2.06882619403779	0.009	0.009	0.000	0.000
PSMD4	0.003	0.003	0.000	0.000	-	-	2.05252505587031	0.003	0.003	0.000	0.000
HLA-DRA	0.003	0.003	0.000	0.000	-	-	2.05219223648579	0.003	0.003	0.000	0.000
DNMT1	0.006	0.003	0.000	0.003	-	-	2.0310797483458	0.006	0.003	0.000	0.003
SGOL2	0.009	0.009	0.000	0.000	-	-	2.01331251210139	0.012	0.012	0.000	0.000
RYR3	0.040	0.037	0.003	0.000	-	-	1.99922255455249	0.052	0.049	0.003	0.000
AKT3	0.006	0.000	0.000	0.006	-	-	1.99481382218032	0.006	0.000	0.000	0.006
APEX2	0.009	0.003	0.003	0.003	-	-	1.98832754074897	0.009	0.003	0.003	0.003
ANAPC1	0.006	0.006	0.000	0.000	-	PC	1.97441951817236	0.006	0.006	0.000	0.000
CTNNB1	0.006	0.006	0.000	0.000	CC	PC	1.9724240871978	0.006	0.006	0.000	0.000
LAMA4	0.006	0.003	0.003	0.000	-	-	1.97151768278291	0.006	0.003	0.003	0.000
PARP1	0.006	0.006	0.000	0.000	-	-	1.9705099919089	0.006	0.006	0.000	0.000
CACNA1E	0.015	0.015	0.000	0.000	-	-	1.97031166253706	0.015	0.015	0.000	0.000
CDH15	0.006	0.006	0.000	0.000	-	-	1.9626219353741	0.006	0.006	0.000	0.000
RFC4	0.006	0.003	0.000	0.003	-	-	1.94278761152702	0.006	0.003	0.000	0.003
CDC27	0.015	0.015	0.000	0.000	-	-	1.89718739796879	0.015	0.015	0.000	0.000
BARD1	0.006	0.006	0.000	0.000	-	PC	1.88168594204581	0.006	0.006	0.000	0.000
TCF12	0.009	0.009	0.000	0.000	CC	PC	1.87356827679502	0.012	0.012	0.000	0.000
PRKCD	0.009	0.009	0.000	0.000	-	PC	1.83482818609667	0.009	0.009	0.000	0.000
SYNJ2	0.006	0.006	0.000	0.000	-	-	1.83273912598705	0.009	0.009	0.000	0.000
FOS	0.003	0.003	0.000	0.000	-	-	1.81328433302349	0.003	0.003	0.000	0.000
CBL	0.006	0.006	0.000	0.000	CC	-	1.79021005606012	0.006	0.006	0.000	0.000
JAK1	0.006	0.006	0.000	0.000	CC	-	1.78683231165823	0.006	0.006	0.000	0.000
TYK2	0.012	0.009	0.000	0.003	-	-	1.77642924752433	0.012	0.009	0.000	0.003
RABIF	0.006	0.000	0.000	0.006	-	-	1.74741132624589	0.006	0.000	0.000	0.006
TFAP2B	0.003	0.003	0.000	0.000	-	-	1.74543448055964	0.006	0.003	0.003	0.000
SGOL1	0.003	0.003	0.000	0.000	-	-	1.74543448055964	0.003	0.003	0.000	0.000
MAPKAPK3	0.003	0.003	0.000	0.000	-	-	1.74543448055964	0.003	0.003	0.000	0.000
HLA-DQB1	0.006	0.000	0.003	0.003	-	-	1.74464845987958	0.006	0.000	0.003	0.003
NUMA1	0.009	0.009	0.000	0.000	CC	PC	1.73798541681779	0.012	0.012	0.000	0.000
COL5A2	0.006	0.006	0.000	0.000	-	-	1.68855347176497	0.006	0.006	0.000	0.000
CTNNA2	0.009	0.009	0.000	0.000	-	-	1.68424656309325	0.009	0.009	0.000	0.000
INSR	0.003	0.003	0.000	0.000	-	-	1.68187288028606	0.006	0.006	0.000	0.000
SRC	0.006	0.006	0.000	0.000	-	-	1.6797562836323	0.006	0.006	0.000	0.000
COL6A1	0.006	0.006	0.000	0.000	-	-	1.66891938407383	0.006	0.006	0.000	0.000
SH3GL3	0.006	0.006	0.000	0.000	-	-	1.66771108467398	0.006	0.006	0.000	0.000
PLCG2	0.009	0.009	0.000	0.000	-	-	1.6590919807929	0.009	0.009	0.000	0.000
TGFBR1	0.006	0.006	0.000	0.000	-	-	1.65812387656207	0.006	0.006	0.000	0.000
LRRC7	0.015	0.012	0.000	0.003	-	-	1.64045083909446	0.015	0.012	0.000	0.003
PCDH11Y	0.186	0.012	0.183	0.000	-	-	1.62419933659588	0.198	0.015	0.192	0.000
B2M	0.003	0.003	0.000	0.000	-	PC	1.5796786817644	0.003	0.003	0.000	0.000
MLL	0.009	0.009	0.000	0.000	CC	PC	1.574658997786	0.009	0.009	0.000	0.000
ERCC6L	0.006	0.006	0.000	0.000	-	-	1.54470351795408	0.006	0.006	0.000	0.000
LUM	0.009	0.009	0.000	0.000	-	PC	1.54349377996631	0.012	0.012	0.000	0.000
HCLS1	0.009	0.009	0.000	0.000	-	-	1.53826767100105	0.009	0.009	0.000	0.000
F9	0.009	0.009	0.000	0.000	-	-	1.52506830455707	0.009	0.009	0.000	0.000
RASGRF1	0.009	0.009	0.000	0.000	-	-	1.50673677521399	0.009	0.009	0.000	0.000
SRI	0.015	0.000	0.000	0.015	-	-	1.49303131917295	0.015	0.000	0.000	0.015
GNG12	0.003	0.000	0.000	0.003	-	-	1.4872588862347	0.003	0.000	0.000	0.003
FGF18	0.006	0.006	0.000	0.000	-	-	1.47376012255177	0.006	0.006	0.000	0.000
CACNA1H	0.027	0.009	0.018	0.000	-	-	1.47103162995435	0.043	0.012	0.030	0.000
RPN1	0.003	0.003	0.000	0.000	CC	-	1.45336157515476	0.003	0.003	0.000	0.000
NBN	0.003	0.003	0.000	0.000	-	-	1.45336157515476	0.003	0.003	0.000	0.000
ADCY8	0.003	0.003	0.000	0.000	-	-	1.43679193115022	0.006	0.006	0.000	0.000
MACF1	0.009	0.009	0.000	0.000	-	-	1.43553806973877	0.024	0.024	0.000	0.000
PCDHAC2	0.101	0.101	0.000	0.000	-	-	1.41327482222004	0.101	0.101	0.000	0.000
RALGDS	0.006	0.006	0.000	0.000	CC	-	1.38337972483692	0.006	0.006	0.000	0.000
CNTNAP1	0.006	0.006	0.000	0.000	-	-	1.38049063488826	0.006	0.006	0.000	0.000
CACNA1I	0.012	0.009	0.003	0.000	-	-	1.36712059465052	0.012	0.009	0.003	0.000
ERBB4	0.003	0.003	0.000	0.000	-	-	1.36207223040925	0.003	0.003	0.000	0.000
RECQL5	0.006	0.006	0.000	0.000	-	-	1.35303586847163	0.012	0.009	0.000	0.003
PRKCG	0.006	0.006	0.000	0.000	-	-	1.32444189914211	0.006	0.006	0.000	0.000
SYT1	0.006	0.003	0.000	0.003	-	-	1.30296801122168	0.006	0.003	0.000	0.003
VAMP1	0.006	0.000	0.000	0.006	-	-	1.27231684721389	0.006	0.000	0.000	0.006
CD1D	0.006	0.003	0.000	0.003	-	-	1.25278263090701	0.012	0.006	0.000	0.006
SCML2	0.006	0.006	0.000	0.000	-	-	1.22266644321792	0.006	0.006	0.000	0.000
MYOG	0.003	0.000	0.000	0.003	-	-	1.21920052567453	0.006	0.000	0.000	0.006
ADCY5	0.006	0.006	0.000	0.000	-	-	1.16459731049413	0.018	0.018	0.000	0.000
NAP1L1	0.003	0.003	0.000	0.000	-	-	1.15923445205443	0.009	0.003	0.000	0.006
RNF8	0.006	0.003	0.000	0.003	-	-	1.14906450146184	0.006	0.003	0.000	0.003
PIM1	0.006	0.003	0.000	0.003	CC	-	1.13007345075625	0.009	0.006	0.000	0.003
KCNB2	0.012	0.012	0.000	0.000	-	-	1.11792001647938	0.015	0.015	0.000	0.000
KCNV2	0.006	0.003	0.003	0.000	-	-	1.11496409857926	0.012	0.003	0.009	0.000
HLA-DOA	0.003	0.003	0.000	0.000	-	-	1.10709645629418	0.003	0.003	0.000	0.000
CACNA1B	0.015	0.015	0.000	0.000	-	-	1.08967865500292	0.015	0.015	0.000	0.000
TJP1	0.009	0.006	0.003	0.000	-	-	1.07866209989564	0.009	0.006	0.003	0.000
CLSPN	0.003	0.003	0.000	0.000	-	-	1.07117593421966	0.003	0.003	0.000	0.000
COL4A3	0.003	0.003	0.000	0.000	-	-	1.06552458649554	0.003	0.003	0.000	0.000
NCAPG	0.006	0.006	0.000	0.000	-	-	1.05726199401389	0.009	0.009	0.000	0.000
PTK2B	0.006	0.006	0.000	0.000	-	-	1.04911014861256	0.006	0.006	0.000	0.000
ROCK2	0.006	0.003	0.000	0.003	-	-	1.04846017239763	0.006	0.003	0.000	0.003
ANK3	0.006	0.003	0.003	0.000	-	-	1.03667893152544	0.012	0.003	0.009	0.000
KCNG1	0.009	0.009	0.000	0.000	-	-	1.03598359491953	0.012	0.012	0.000	0.000
GABRA5	0.009	0.006	0.003	0.000	-	-	1.01536652325226	0.009	0.006	0.003	0.000
ETS2	0.003	0.000	0.003	0.000	-	-	1.00941229216152	0.003	0.000	0.003	0.000
FGF13	0.003	0.003	0.000	0.000	-	-	1.00052760285021	0.003	0.003	0.000	0.000
CBLB	0.003	0.003	0.000	0.000	CC	-	1.00052760285021	0.003	0.003	0.000	0.000
GRK5	0.006	0.000	0.006	0.000	-	-	0.994694226545524	0.018	0.000	0.018	0.000
MELK	0.006	0.003	0.003	0.000	-	-	0.974238399180673	0.006	0.003	0.003	0.000
MAG	0.003	0.003	0.000	0.000	-	-	0.963017860435085	0.009	0.009	0.000	0.000
PPP3CB	0.018	0.003	0.015	0.000	-	-	0.95541754462575	0.024	0.003	0.021	0.000
AHR	0.006	0.006	0.000	0.000	-	-	0.942843262832505	0.021	0.012	0.000	0.009
ITPR1	0.012	0.012	0.000	0.000	-	-	0.938271587590348	0.012	0.012	0.000	0.000
MYF5	0.006	0.006	0.000	0.000	-	-	0.937155845070723	0.006	0.006	0.000	0.000
RPA2	0.006	0.003	0.003	0.000	-	-	0.923539720947173	0.006	0.003	0.003	0.000
NFKBIA	0.003	0.003	0.000	0.000	-	-	0.923224367030787	0.003	0.003	0.000	0.000
PTPRM	0.003	0.003	0.000	0.000	-	-	0.912106339808198	0.009	0.009	0.000	0.000
CACNA1C	0.012	0.012	0.000	0.000	-	-	0.904997105408873	0.015	0.012	0.000	0.003
FLNB	0.006	0.006	0.000	0.000	-	-	0.893814957308205	0.006	0.006	0.000	0.000
ITGB2	0.009	0.009	0.000	0.000	-	-	0.89162112321116	0.012	0.012	0.000	0.000
CNKSR2	0.006	0.006	0.000	0.000	-	-	0.870156714439937	0.006	0.006	0.000	0.000
MCM3	0.006	0.006	0.000	0.000	-	-	0.857060763495439	0.006	0.006	0.000	0.000
TAP1	0.003	0.003	0.000	0.000	-	-	0.846632057751168	0.003	0.003	0.000	0.000
IFNGR1	0.003	0.003	0.000	0.000	-	-	0.846420918085067	0.003	0.003	0.000	0.000
RUVBL2	0.006	0.006	0.000	0.000	-	-	0.845716218125864	0.006	0.006	0.000	0.000
CEBPB	0.003	0.003	0.000	0.000	-	-	0.837634647020003	0.003	0.003	0.000	0.000
PPP1CC	0.003	0.003	0.000	0.000	-	-	0.830217483847003	0.003	0.003	0.000	0.000
CDK5RAP2	0.003	0.003	0.000	0.000	-	-	0.824226738399366	0.006	0.006	0.000	0.000
EPS8	0.003	0.003	0.000	0.000	-	-	0.822384898134768	0.006	0.003	0.003	0.000
CALM1	0.003	0.003	0.000	0.000	-	-	0.820539074963963	0.003	0.003	0.000	0.000
BLM	0.003	0.003	0.000	0.000	CC	PC	0.820539074963963	0.003	0.003	0.000	0.000
IFI16	0.006	0.003	0.000	0.003	-	-	0.806253149085042	0.006	0.003	0.000	0.003
NFATC1	0.003	0.003	0.000	0.000	-	-	0.80601900395922	0.003	0.003	0.000	0.000
RRM2	0.006	0.003	0.000	0.003	-	-	0.801033150038022	0.006	0.003	0.000	0.003
EIF4A1	0.003	0.003	0.000	0.000	-	-	0.801021700818021	0.003	0.003	0.000	0.000
PCDHGC5	0.107	0.107	0.000	0.000	-	-	0.797877027641237	0.110	0.110	0.000	0.000
MCM4	0.006	0.006	0.000	0.000	-	-	0.790203649991808	0.006	0.006	0.000	0.000
NTRK1	0.003	0.003	0.000	0.000	CC	-	0.788284114560271	0.006	0.006	0.000	0.000
PLAT	0.003	0.003	0.000	0.000	-	-	0.785916283235662	0.006	0.006	0.000	0.000
CDC23	0.003	0.003	0.000	0.000	-	-	0.785916283235662	0.003	0.003	0.000	0.000
NKX3-2	0.003	0.003	0.000	0.000	-	-	0.76532910473418	0.006	0.006	0.000	0.000
GRB2	0.003	0.000	0.000	0.003	-	-	0.74548051386314	0.003	0.000	0.000	0.003
HSPA8	0.006	0.006	0.000	0.000	-	PC	0.740344942902824	0.006	0.006	0.000	0.000
SDC2	0.003	0.003	0.000	0.000	-	-	0.729495019739683	0.003	0.003	0.000	0.000
STAT3	0.003	0.003	0.000	0.000	-	PC	0.688952699140979	0.003	0.003	0.000	0.000
MXD1	0.003	0.003	0.000	0.000	-	-	0.688952699140979	0.003	0.003	0.000	0.000
NGF	0.006	0.003	0.003	0.000	-	-	0.686500937468293	0.006	0.003	0.003	0.000
YWHAH	0.003	0.000	0.003	0.000	-	-	0.675502280987418	0.003	0.000	0.003	0.000
PPP2R5D	0.003	0.003	0.000	0.000	-	-	0.663429512772762	0.003	0.003	0.000	0.000
NEFH	0.003	0.003	0.000	0.000	-	-	0.651178731557317	0.006	0.006	0.000	0.000
AKAP6	0.009	0.009	0.000	0.000	-	-	0.629735359329688	0.009	0.009	0.000	0.000
RAN	0.003	0.000	0.003	0.000	-	-	0.589410502247009	0.003	0.000	0.003	0.000
PCM1	0.006	0.003	0.003	0.000	CC	PC	0.579411540053887	0.006	0.003	0.003	0.000
SPN	0.003	0.003	0.000	0.000	-	-	0.578547529639155	0.003	0.003	0.000	0.000
PPP3CC	0.003	0.000	0.003	0.000	-	-	0.568195491163442	0.003	0.000	0.003	0.000
SOS1	0.003	0.003	0.000	0.000	-	PC	0.563308869667549	0.003	0.003	0.000	0.000
LILRB3	0.009	0.009	0.000	0.000	-	-	0.560487655752311	0.012	0.009	0.000	0.003
PLCB1	0.003	0.003	0.000	0.000	-	-	0.535586034608183	0.003	0.003	0.000	0.000
NEK2	0.006	0.003	0.003	0.000	-	-	0.526025050530752	0.006	0.003	0.003	0.000
MAP2K3	0.003	0.003	0.000	0.000	-	-	0.495769164410872	0.003	0.003	0.000	0.000
GNAO1	0.003	0.003	0.000	0.000	-	-	0.495769164410872	0.003	0.003	0.000	0.000
ANAPC7	0.003	0.003	0.000	0.000	-	-	0.486807252122104	0.003	0.003	0.000	0.000
NID1	0.003	0.003	0.000	0.000	-	-	0.424506163012098	0.003	0.003	0.000	0.000
IL7	0.003	0.003	0.000	0.000	-	-	0.408342704003067	0.003	0.003	0.000	0.000
ELAVL2	0.088	0.006	0.082	0.000	-	-	0.352717005688571	0.143	0.006	0.137	0.000
TGFBI	0.003	0.003	0.000	0.000	-	-	0.346729043019915	0.003	0.003	0.000	0.000
GRID2	0.003	0.003	0.000	0.000	-	-	0.308366679323695	0.006	0.006	0.000	0.000
CCL3L1	0.003	0.000	0.003	0.000	-	-	0.302947665132119	0.021	0.000	0.009	0.012
GRIN2C	0.006	0.006	0.000	0.000	-	-	0.299725023429688	0.006	0.006	0.000	0.000
PDGFD	0.006	0.006	0.000	0.000	-	-	0.293622278444193	0.006	0.006	0.000	0.000
DDB1	0.003	0.003	0.000	0.000	-	-	0.279128063336674	0.003	0.003	0.000	0.000
FZD10	0.006	0.003	0.003	0.000	-	-	0.266279013183456	0.012	0.009	0.003	0.000
F10	0.003	0.003	0.000	0.000	-	-	0.243016524004809	0.003	0.003	0.000	0.000
SP1	0.003	0.003	0.000	0.000	-	-	0.233447958140536	0.003	0.003	0.000	0.000
PCDHA9	0.024	0.000	0.021	0.003	-	-	0.226643645479073	0.024	0.000	0.021	0.003
CCNF	0.003	0.000	0.000	0.003	-	-	0.222009201676564	0.003	0.000	0.000	0.003
GABRQ	0.003	0.003	0.000	0.000	-	-	0.221213944544394	0.003	0.003	0.000	0.000
FAT2	0.027	0.027	0.000	0.000	-	-	0.217740852042706	0.027	0.027	0.000	0.000
CDH18	0.021	0.021	0.000	0.000	-	-	0.213803190637393	0.027	0.027	0.000	0.000
PCDH15	0.027	0.009	0.018	0.000	-	-	0.196073625986696	0.027	0.009	0.018	0.000
RAF1	0.003	0.003	0.000	0.000	CC	-	0.186863605561897	0.003	0.003	0.000	0.000
CDH9	0.021	0.021	0.000	0.000	-	-	0.146374590738518	0.021	0.021	0.000	0.000
PCDH19	0.018	0.018	0.000	0.000	-	-	0.136452321345905	0.018	0.018	0.000	0.000
CELSR1	0.015	0.009	0.006	0.000	-	-	0.128104907335057	0.015	0.009	0.006	0.000
SGCB	0.003	0.000	0.000	0.003	-	-	0.121054273488825	0.024	0.000	0.000	0.024
PCDHA8	0.012	0.000	0.003	0.009	-	-	0.116668840380839	0.012	0.000	0.003	0.009
PCDHB7	0.015	0.015	0.000	0.000	-	-	0.114502504073322	0.015	0.015	0.000	0.000
PCDH9	0.015	0.012	0.003	0.000	-	-	0.110115188043529	0.015	0.012	0.003	0.000
DACH1	0.003	0.003	0.000	0.000	-	-	0.109028296462937	0.006	0.003	0.003	0.000
GABBR2	0.003	0.003	0.000	0.000	-	-	0.0996946444066506	0.006	0.006	0.000	0.000
PCDH11X	0.018	0.018	0.000	0.000	-	-	0.0971969267847869	0.024	0.024	0.000	0.000
CD79B	0.003	0.000	0.003	0.000	CC	-	0.0893676537255924	0.006	0.000	0.006	0.000
MAP3K4	0.009	0.006	0.003	0.000	-	PC	0.0867416237970367	0.009	0.006	0.003	0.000
DCHS2	0.015	0.015	0.000	0.000	-	-	0.0832559285274424	0.015	0.015	0.000	0.000
GRASP	0.003	0.000	0.000	0.003	-	-	0.0808343436747348	0.003	0.000	0.000	0.003
HLF	0.003	0.003	0.000	0.000	CC	-	0.078046468454239	0.003	0.003	0.000	0.000
TUBA4B	0.003	0.003	0.000	0.000	-	-	0.0759567675796729	0.003	0.003	0.000	0.000
PCDHB13	0.012	0.012	0.000	0.000	-	-	0.0754418868321966	0.012	0.012	0.000	0.000
PCDH7	0.012	0.012	0.000	0.000	-	-	0.0735478559255257	0.012	0.012	0.000	0.000
CELSR3	0.012	0.012	0.000	0.000	-	-	0.0734906550923651	0.012	0.012	0.000	0.000
PCDHB4	0.006	0.006	0.000	0.000	-	-	0.0658359931620783	0.006	0.006	0.000	0.000
SVEP1	0.012	0.012	0.000	0.000	-	-	0.0610621529512639	0.012	0.012	0.000	0.000
FRYL	0.003	0.003	0.000	0.000	-	-	0.0502104109460637	0.009	0.009	0.000	0.000
PCDHB2	0.003	0.003	0.000	0.000	-	-	0.0449687483828177	0.003	0.003	0.000	0.000
DCHS1	0.006	0.006	0.000	0.000	-	-	0.0433684553349579	0.006	0.006	0.000	0.000
HNRNPH3	0.003	0.003	0.000	0.000	-	-	0.0432615872728244	0.021	0.003	0.018	0.000
PCDHB6	0.006	0.006	0.000	0.000	-	-	0.0414180789723936	0.006	0.006	0.000	0.000
SHANK3	0.006	0.006	0.000	0.000	-	-	0.0413287707215497	0.006	0.006	0.000	0.000
CD97	0.003	0.003	0.000	0.000	-	-	0.0408501143646634	0.003	0.003	0.000	0.000
KCNH1	0.006	0.006	0.000	0.000	-	-	0.0404112554951894	0.012	0.009	0.003	0.000
KLC2	0.003	0.003	0.000	0.000	-	-	0.0403076928188561	0.003	0.003	0.000	0.000
GLI2	0.003	0.003	0.000	0.000	-	-	0.0396995663632436	0.003	0.003	0.000	0.000
KCNB1	0.006	0.006	0.000	0.000	-	-	0.0393887190782194	0.006	0.006	0.000	0.000
RASSF5	0.003	0.003	0.000	0.003	-	-	0.0387850902677543	0.003	0.003	0.000	0.003
RECQL	0.003	0.000	0.000	0.003	-	-	0.0378400161514326	0.009	0.000	0.003	0.006
KCNV1	0.006	0.006	0.000	0.000	-	-	0.0354050084257437	0.009	0.006	0.000	0.003
RBMX	0.003	0.003	0.000	0.000	-	PC	0.0345564962535695	0.009	0.006	0.000	0.003
CSNK1G1	0.003	0.003	0.000	0.000	-	-	0.0343994665302814	0.003	0.003	0.000	0.000
CDH20	0.003	0.000	0.003	0.000	-	-	0.0339507534728473	0.003	0.000	0.003	0.000
EEF1A1	0.009	0.009	0.000	0.000	-	PC	0.0324085027680596	0.012	0.012	0.000	0.000
CDH8	0.006	0.003	0.000	0.003	-	-	0.0318723952472474	0.006	0.003	0.000	0.003
CDH19	0.006	0.006	0.000	0.000	-	-	0.0294282816967108	0.006	0.006	0.000	0.000
KCNS3	0.006	0.003	0.000	0.003	-	-	0.0290097061371262	0.009	0.003	0.000	0.006
NCL	0.003	0.003	0.000	0.000	-	-	0.0283310029627488	0.003	0.003	0.000	0.000
S100A8	0.006	0.003	0.000	0.003	-	-	0.0280614902665331	0.009	0.006	0.000	0.003
RAD21	0.003	0.003	0.000	0.000	-	PC	0.0277844184898399	0.003	0.003	0.000	0.000
LRP8	0.003	0.003	0.000	0.000	-	-	0.0252542314266982	0.003	0.003	0.000	0.000
KCNA4	0.006	0.006	0.000	0.000	-	-	0.0239448394516012	0.006	0.006	0.000	0.000
SLIT3	0.006	0.006	0.000	0.000	-	-	0.0231493421752273	0.030	0.030	0.000	0.000
DLG1	0.003	0.003	0.000	0.000	-	-	0.0230013723197655	0.003	0.003	0.000	0.000
ADCY2	0.006	0.006	0.000	0.000	-	-	0.0217335386993877	0.009	0.009	0.000	0.000
CDH17	0.003	0.000	0.000	0.003	-	-	0.0216220697645636	0.003	0.000	0.000	0.003
CELSR2	0.003	0.003	0.000	0.000	-	-	0.021213328375629	0.003	0.003	0.000	0.000
KIF15	0.003	0.003	0.000	0.000	-	-	0.0209547358848276	0.003	0.003	0.000	0.000
ACVRL1	0.003	0.000	0.000	0.003	-	-	0.0207395954976297	0.006	0.003	0.000	0.003
CDH22	0.003	0.003	0.000	0.000	-	-	0.0203276333285514	0.003	0.003	0.000	0.000
BMPR1B	0.003	0.000	0.000	0.003	-	-	0.0192255419107096	0.003	0.000	0.000	0.003
SSRP1	0.003	0.003	0.000	0.000	-	-	0.019070575313099	0.003	0.003	0.000	0.000
HOXA2	0.003	0.000	0.000	0.003	-	-	0.0189619648716597	0.015	0.003	0.000	0.012
MVP	0.003	0.003	0.000	0.000	-	-	0.0184460642043702	0.009	0.009	0.000	0.000
IL32	0.003	0.003	0.000	0.000	-	-	0.0180972227188872	0.003	0.003	0.000	0.000
XIAP	0.003	0.000	0.003	0.000	-	-	0.0177929603455448	0.003	0.000	0.003	0.000
CEP70	0.006	0.006	0.000	0.000	-	-	0.0176616953220171	0.009	0.006	0.000	0.003
TPX2	0.003	0.003	0.000	0.000	-	-	0.0172664682024348	0.003	0.003	0.000	0.000
SFI1	0.006	0.003	0.003	0.000	-	-	0.0170729467217894	0.012	0.006	0.006	0.000
ELAVL1	0.003	0.003	0.000	0.000	-	-	0.0170294221758824	0.003	0.003	0.000	0.000
CACNA1G	0.003	0.003	0.000	0.000	-	-	0.0163626649866391	0.003	0.003	0.000	0.000
NDN	0.003	0.003	0.000	0.000	-	-	0.0159307131802863	0.006	0.006	0.000	0.000
PIP5K1C	0.003	0.003	0.000	0.000	-	-	0.0158659070271199	0.003	0.003	0.000	0.000
CUGBP2	0.003	0.000	0.000	0.003	-	-	0.0153810581360814	0.012	0.000	0.009	0.003
NXF1	0.003	0.003	0.000	0.000	-	-	0.0153383243310901	0.003	0.003	0.000	0.000
DOCK1	0.003	0.003	0.000	0.000	-	-	0.0130957946423221	0.030	0.012	0.018	0.000
KCNJ4	0.003	0.000	0.003	0.000	-	-	0.0116431382477634	0.003	0.000	0.003	0.000
SRPR	0.003	0.003	0.000	0.000	-	-	0.0116245313477802	0.006	0.006	0.000	0.000
PPP1R1A	0.003	0.000	0.000	0.003	-	-	0.0115446490106251	0.006	0.000	0.000	0.006
PCDH24	0.003	0.000	0.000	0.003	-	-	0.0111746340813755	0.003	0.000	0.000	0.003
DYRK1B	0.003	0.000	0.000	0.003	-	-	0.01114455735289	0.003	0.000	0.000	0.003
NLRP12	0.003	0.003	0.000	0.000	-	-	0.0109346970760495	0.021	0.021	0.000	0.000
PSMA5	0.003	0.003	0.000	0.000	-	-	0.0107573780034037	0.003	0.003	0.000	0.000
FZD4	0.003	0.000	0.000	0.003	-	-	0.0105837499227223	0.003	0.000	0.000	0.003
IKBKE	0.003	0.000	0.000	0.003	-	-	0.0104079306996284	0.003	0.000	0.000	0.003
CIITA	0.003	0.003	0.000	0.000	CC	-	0.0102689101153515	0.006	0.006	0.000	0.000
MYOD1	0.003	0.003	0.000	0.000	-	-	0.00971294157969698	0.003	0.003	0.000	0.000
ADCY6	0.003	0.000	0.000	0.003	-	-	0.00967027162604893	0.015	0.006	0.003	0.006
CTBP1	0.003	0.000	0.003	0.000	-	-	0.00958311472685155	0.006	0.000	0.006	0.000
P2RX2	0.003	0.003	0.000	0.000	-	-	0.00942064529967945	0.003	0.003	0.000	0.000
PPARG	0.003	0.003	0.000	0.000	CC	-	0.00935479696538256	0.003	0.003	0.000	0.000
RBBP4	0.003	0.003	0.000	0.000	-	-	0.00926378805972823	0.003	0.003	0.000	0.000
VASP	0.003	0.003	0.000	0.000	-	-	0.00925381862079537	0.003	0.003	0.000	0.000
KIFC3	0.003	0.003	0.000	0.000	-	PC	0.00922485543701454	0.003	0.003	0.000	0.000
MNDA	0.003	0.003	0.000	0.000	-	-	0.00906015551392357	0.006	0.003	0.000	0.003
ZNF274	0.003	0.003	0.000	0.000	-	-	0.00898352583084805	0.006	0.006	0.000	0.000
PCDHB5	0.003	0.003	0.000	0.000	-	-	0.0089487234144704	0.006	0.006	0.000	0.000
PLCZ1	0.003	0.000	0.000	0.003	-	-	0.00894770270726354	0.009	0.003	0.003	0.003
TLE2	0.003	0.003	0.000	0.000	-	-	0.0087496572168904	0.006	0.006	0.000	0.000
POLA1	0.003	0.003	0.000	0.000	-	-	0.0085885489947279	0.003	0.003	0.000	0.000
MRE11A	0.003	0.003	0.000	0.000	-	-	0.00845442822903814	0.003	0.003	0.000	0.000
FOXO3	0.003	0.000	0.000	0.003	-	-	0.00841708163691668	0.009	0.003	0.003	0.003
GNA15	0.003	0.003	0.000	0.000	-	-	0.00829081750109009	0.003	0.003	0.000	0.000
IL12B	0.003	0.003	0.000	0.000	-	-	0.00792622566434143	0.003	0.003	0.000	0.000
PIK3R5	0.003	0.003	0.000	0.000	-	-	0.00782988617298278	0.003	0.003	0.000	0.000
MYBL1	0.003	0.003	0.000	0.000	-	-	0.00781054144402405	0.003	0.003	0.000	0.000
