GENE	DRIVER_FREQUENCY	DRIVER_SNV_FREQUENCY	DRIVER_DELTION_FREQUENCY	DRIVER_AMPLIFICATION_FREQUENCY	CANCER_CENSUS	PAN_CANCER	IMPACT	MUTATION_FREQUENCY	SNV_FREQUENCY	DELTION_FREQUENCY	AMPLIFICATION_FREQUENCY
EGFR	0.393	0.262	0.000	0.241	Y	NA	119.1983162393	0.393	0.262	0.000	0.241
TP53	0.284	0.280	0.003	0.000	Y	NA	87.4763256836	0.284	0.280	0.003	0.000
CDKN2A	0.418	0.012	0.405	0.000	Y	NA	86.8341981459	0.470	0.015	0.454	0.000
PTEN	0.247	0.226	0.021	0.000	Y	NA	62.6914997573	0.314	0.290	0.024	0.000
CDK4	0.113	0.000	0.000	0.113	Y	NA	35.0932934132	0.116	0.000	0.000	0.116
HLA-DRB1	0.165	0.000	0.006	0.159	N	NA	34.3314902802	0.189	0.000	0.006	0.183
PIK3CA	0.091	0.088	0.000	0.003	Y	NA	30.1617711297	0.091	0.088	0.000	0.003
PRKY	0.162	0.000	0.162	0.000	N	NA	29.3624379312	0.195	0.000	0.195	0.000
PIK3R1	0.091	0.088	0.006	0.000	Y	NA	27.5565671033	0.091	0.088	0.006	0.000
KIT	0.058	0.009	0.000	0.049	Y	NA	12.4741416113	0.076	0.012	0.000	0.064
RB1	0.040	0.034	0.009	0.000	Y	NA	12.1735497327	0.070	0.064	0.009	0.000
COL1A2	0.043	0.027	0.000	0.015	N	NA	12.1708313870	0.043	0.027	0.000	0.015
NOS3	0.027	0.018	0.000	0.012	N	NA	10.6731814857	0.027	0.018	0.000	0.012
LRP2	0.043	0.043	0.000	0.000	N	NA	10.1136727133	0.046	0.046	0.000	0.000
PDGFRA	0.037	0.027	0.000	0.015	Y	NA	8.5527467138	0.055	0.040	0.000	0.024
PIK3CG	0.024	0.018	0.000	0.006	N	NA	8.0188723741	0.037	0.027	0.000	0.009
CDKN2B	0.040	0.000	0.040	0.000	N	NA	7.7764862805	0.448	0.003	0.445	0.000
GLI1	0.046	0.003	0.003	0.040	N	NA	7.5975910749	0.064	0.009	0.003	0.052
LRP1	0.021	0.015	0.006	0.000	N	NA	7.2353822905	0.034	0.018	0.006	0.009
PSMA2	0.015	0.000	0.000	0.015	N	NA	6.8671475098	0.015	0.000	0.000	0.015
LAMA1	0.018	0.018	0.000	0.000	N	NA	6.5807950788	0.018	0.018	0.000	0.000
LAMA5	0.015	0.015	0.000	0.000	N	NA	6.5627628711	0.015	0.015	0.000	0.000
LAMB4	0.018	0.012	0.000	0.006	N	NA	5.9080648948	0.018	0.012	0.000	0.006
SEC61G	0.101	0.000	0.000	0.101	N	NA	5.8698007879	0.317	0.000	0.000	0.317
FAS	0.015	0.000	0.015	0.000	N	NA	5.6350487512	0.024	0.000	0.024	0.000
TBL1Y	0.021	0.000	0.021	0.000	N	NA	5.4448983059	0.195	0.000	0.195	0.000
GRIN2A	0.024	0.024	0.000	0.000	N	NA	5.3022755853	0.024	0.024	0.000	0.000
HSPG2	0.015	0.015	0.000	0.000	N	NA	5.1440119700	0.024	0.024	0.000	0.000
COL1A1	0.012	0.012	0.000	0.000	Y	NA	4.8325322297	0.012	0.012	0.000	0.000
FN1	0.012	0.012	0.000	0.000	N	NA	4.7012537518	0.018	0.018	0.000	0.000
VAV1	0.009	0.009	0.000	0.000	N	NA	4.6244792529	0.009	0.009	0.000	0.000
PIK3C2G	0.018	0.018	0.000	0.000	N	NA	4.5872360112	0.027	0.024	0.003	0.000
NOS1	0.015	0.012	0.000	0.003	N	NA	4.5553839931	0.018	0.015	0.000	0.003
MLLT4	0.009	0.006	0.003	0.000	Y	NA	4.2827752020	0.015	0.012	0.003	0.000
FLI1	0.006	0.006	0.000	0.000	Y	NA	4.1316903661	0.009	0.009	0.000	0.000
CD3G	0.018	0.003	0.003	0.012	N	NA	4.1160974562	0.030	0.003	0.003	0.024
IFNG	0.012	0.000	0.000	0.012	N	NA	4.0860512586	0.034	0.006	0.009	0.018
CCT6A	0.055	0.000	0.000	0.055	N	NA	3.9639426540	0.082	0.000	0.000	0.082
ITGB1	0.012	0.003	0.006	0.003	N	NA	3.8494138154	0.018	0.003	0.012	0.003
PHKG1	0.061	0.000	0.000	0.061	N	NA	3.8239921685	0.079	0.000	0.000	0.079
ITGB3	0.012	0.012	0.000	0.000	N	NA	3.8224734633	0.012	0.012	0.000	0.000
CDK6	0.012	0.000	0.000	0.012	Y	NA	3.7899424515	0.018	0.000	0.000	0.018
MAPK8	0.009	0.003	0.006	0.000	N	NA	3.7608117503	0.018	0.003	0.015	0.000
ANK1	0.021	0.021	0.000	0.000	N	NA	3.7401906061	0.037	0.021	0.015	0.000
RIMS2	0.015	0.015	0.000	0.000	N	NA	3.6975284114	0.034	0.034	0.000	0.000
GLI3	0.009	0.006	0.000	0.003	N	NA	3.6811076329	0.018	0.006	0.000	0.012
ANK2	0.012	0.012	0.000	0.000	N	NA	3.6259815722	0.030	0.030	0.000	0.000
HDAC2	0.012	0.009	0.003	0.000	N	NA	3.6209920875	0.012	0.009	0.003	0.000
ERBB3	0.009	0.003	0.000	0.006	N	NA	3.5741083272	0.012	0.003	0.003	0.006
LAMA3	0.012	0.012	0.000	0.000	N	NA	3.5043990904	0.012	0.012	0.000	0.000
FGFR1	0.009	0.009	0.000	0.000	Y	NA	3.4968607179	0.012	0.012	0.000	0.000
LAMB3	0.009	0.009	0.000	0.000	N	NA	3.4828234013	0.012	0.012	0.000	0.000
LAMA2	0.012	0.012	0.000	0.000	N	NA	3.4494640217	0.018	0.018	0.000	0.000
LAMC3	0.015	0.015	0.000	0.000	N	NA	3.4353050998	0.015	0.015	0.000	0.000
EPC1	0.012	0.003	0.006	0.003	N	NA	3.3878925789	0.018	0.003	0.012	0.003
FGFR3	0.009	0.006	0.000	0.003	Y	NA	3.3400433390	0.015	0.012	0.000	0.003
RELN	0.018	0.015	0.000	0.003	N	NA	3.2375732945	0.046	0.040	0.000	0.006
FLT1	0.012	0.012	0.000	0.000	N	NA	3.2321889557	0.018	0.015	0.003	0.000
MET	0.012	0.006	0.000	0.006	Y	NA	3.1993444043	0.030	0.015	0.000	0.015
ADCYAP1R1	0.006	0.000	0.000	0.006	N	NA	3.1884315346	0.018	0.003	0.000	0.015
RALA	0.009	0.000	0.000	0.009	N	NA	3.1767318486	0.012	0.000	0.000	0.012
HNRNPA2B1	0.006	0.000	0.000	0.006	Y	NA	3.1444615717	0.012	0.000	0.000	0.012
ERBB2	0.018	0.018	0.000	0.000	Y	NA	3.0946628214	0.021	0.021	0.000	0.000
ATN1	0.009	0.009	0.000	0.000	N	NA	3.0548349807	0.015	0.009	0.000	0.006
CDC2	0.009	0.000	0.009	0.000	N	NA	3.0162003230	0.009	0.000	0.009	0.000
ITGA4	0.009	0.009	0.000	0.000	N	NA	2.9720446242	0.009	0.009	0.000	0.000
PIK3C2B	0.015	0.000	0.000	0.015	N	NA	2.9617968747	0.055	0.012	0.000	0.046
ACTB	0.006	0.000	0.000	0.006	N	NA	2.9554207350	0.012	0.000	0.000	0.012
HOXA9	0.006	0.000	0.000	0.006	Y	NA	2.8665070764	0.015	0.003	0.000	0.012
DRD5	0.012	0.012	0.000	0.000	N	NA	2.7013713007	0.027	0.027	0.000	0.000
STK17A	0.006	0.000	0.000	0.006	N	NA	2.6704700776	0.018	0.000	0.000	0.018
FLNA	0.015	0.012	0.003	0.000	N	NA	2.6565718706	0.018	0.012	0.003	0.003
FGFR4	0.006	0.006	0.000	0.000	N	NA	2.6096064275	0.012	0.012	0.000	0.000
SFN	0.003	0.003	0.000	0.000	N	NA	2.5899348427	0.003	0.003	0.000	0.000
DNAH9	0.018	0.018	0.000	0.000	N	NA	2.5800137790	0.027	0.027	0.000	0.000
PRKDC	0.015	0.015	0.000	0.000	N	NA	2.5647060393	0.021	0.021	0.000	0.000
ITGA8	0.012	0.003	0.006	0.003	N	NA	2.5609754982	0.015	0.003	0.009	0.003
PRKX	0.006	0.003	0.003	0.000	N	NA	2.5388471905	0.006	0.003	0.003	0.000
COL2A1	0.009	0.003	0.003	0.003	N	NA	2.4936372786	0.009	0.003	0.003	0.003
CREBBP	0.012	0.012	0.000	0.000	Y	NA	2.4185398787	0.015	0.015	0.000	0.000
BCLAF1	0.006	0.006	0.000	0.000	N	NA	2.4163808995	0.015	0.015	0.000	0.000
ACTN1	0.006	0.006	0.000	0.000	N	NA	2.4151939147	0.006	0.006	0.000	0.000
LAMB1	0.009	0.009	0.000	0.000	N	NA	2.3889023140	0.015	0.009	0.000	0.006
BUB3	0.009	0.000	0.009	0.000	N	NA	2.3693541239	0.021	0.000	0.021	0.000
TSC2	0.006	0.006	0.000	0.000	Y	NA	2.3672974711	0.012	0.012	0.000	0.000
TTN	0.015	0.015	0.000	0.000	N	NA	2.3424356167	0.207	0.207	0.000	0.000
ITGB8	0.006	0.000	0.000	0.006	N	NA	2.3257283906	0.015	0.003	0.000	0.012
PTPRB	0.012	0.003	0.000	0.009	N	NA	2.3161210445	0.021	0.006	0.000	0.015
FRS2	0.012	0.000	0.000	0.012	N	NA	2.2814292328	0.024	0.000	0.000	0.024
LAMC1	0.006	0.006	0.000	0.000	N	NA	2.2300466753	0.006	0.006	0.000	0.000
PLCG1	0.012	0.012	0.000	0.000	N	NA	2.1726127966	0.012	0.012	0.000	0.000
IKZF1	0.015	0.006	0.000	0.009	Y	NA	2.1654665834	0.030	0.006	0.000	0.024
PXN	0.006	0.003	0.000	0.003	N	NA	2.1310853024	0.006	0.003	0.000	0.003
ZNF3	0.006	0.003	0.000	0.003	N	NA	2.0986424496	0.012	0.006	0.000	0.006
CDH23	0.021	0.009	0.012	0.000	N	NA	2.0976836680	0.030	0.009	0.021	0.000
ABL1	0.006	0.006	0.000	0.000	Y	NA	2.0970236525	0.006	0.006	0.000	0.000
MAPK13	0.006	0.006	0.000	0.000	N	NA	2.0910108522	0.009	0.006	0.000	0.003
SMAD4	0.006	0.006	0.000	0.000	N	NA	2.0697382798	0.006	0.006	0.000	0.000
MMP7	0.006	0.006	0.000	0.000	N	NA	2.0213110565	0.006	0.006	0.000	0.000
ASPM	0.009	0.009	0.000	0.000	N	NA	2.0161811331	0.015	0.015	0.000	0.000
FGFR2	0.009	0.003	0.003	0.003	Y	NA	2.0000962590	0.027	0.003	0.021	0.003
COL14A1	0.009	0.009	0.000	0.000	N	NA	1.9791648057	0.015	0.015	0.000	0.000
RERE	0.012	0.012	0.000	0.000	N	NA	1.9725616524	0.027	0.018	0.009	0.000
KDR	0.006	0.003	0.000	0.003	Y	NA	1.9613924065	0.064	0.027	0.000	0.040
DNMT1	0.006	0.003	0.000	0.003	N	NA	1.9570750533	0.006	0.003	0.000	0.003
CTNNB1	0.006	0.006	0.000	0.000	Y	NA	1.9518187080	0.006	0.006	0.000	0.000
AKT1	0.009	0.003	0.000	0.006	Y	NA	1.9516518426	0.012	0.003	0.000	0.009
GABRB2	0.006	0.006	0.000	0.000	N	NA	1.9506283017	0.015	0.015	0.000	0.000
PPIA	0.006	0.000	0.000	0.006	N	NA	1.9346220329	0.018	0.000	0.000	0.018
CNOT2	0.006	0.000	0.000	0.006	N	NA	1.9313915733	0.021	0.003	0.000	0.021
PPARA	0.009	0.003	0.006	0.000	N	NA	1.9025747239	0.009	0.003	0.006	0.000
ATR	0.009	0.009	0.000	0.000	N	NA	1.8974303306	0.018	0.015	0.000	0.003
CSF2RB	0.006	0.006	0.000	0.000	N	NA	1.8640046723	0.018	0.012	0.006	0.000
MORF4L1	0.003	0.003	0.000	0.000	N	NA	1.8582611789	0.003	0.003	0.000	0.000
DLG4	0.003	0.003	0.000	0.000	N	NA	1.8558575694	0.009	0.009	0.000	0.000
NOS2	0.003	0.003	0.000	0.000	N	NA	1.8558575694	0.003	0.003	0.000	0.000
PTPN11	0.009	0.009	0.000	0.000	Y	NA	1.8017813610	0.012	0.012	0.000	0.000
HLA-DRA	0.003	0.003	0.000	0.000	N	NA	1.7790545541	0.003	0.003	0.000	0.000
ERG	0.006	0.006	0.000	0.000	Y	NA	1.7717125717	0.012	0.009	0.003	0.000
PLG	0.006	0.003	0.003	0.000	N	NA	1.7622943997	0.009	0.006	0.003	0.000
SGOL1	0.003	0.003	0.000	0.000	N	NA	1.7615724687	0.003	0.003	0.000	0.000
TFAP2B	0.003	0.003	0.000	0.000	N	NA	1.7615724687	0.006	0.003	0.003	0.000
BRCA1	0.009	0.009	0.000	0.000	Y	NA	1.7605362571	0.012	0.012	0.000	0.000
ITGAM	0.006	0.006	0.000	0.000	N	NA	1.7453461188	0.015	0.015	0.000	0.000
EP300	0.006	0.003	0.003	0.000	Y	NA	1.7346702179	0.009	0.006	0.003	0.000
SREBF1	0.003	0.003	0.000	0.000	N	NA	1.7222277142	0.003	0.003	0.000	0.000
FOXG1	0.003	0.003	0.000	0.000	N	NA	1.7214277033	0.009	0.009	0.000	0.000
FCER1A	0.003	0.003	0.000	0.000	N	NA	1.7214277033	0.006	0.006	0.000	0.000
CBL	0.006	0.006	0.000	0.000	Y	NA	1.7181105756	0.006	0.006	0.000	0.000
LAMA4	0.006	0.003	0.003	0.000	N	NA	1.7178114004	0.006	0.003	0.003	0.000
NUMA1	0.009	0.009	0.000	0.000	Y	NA	1.6964899566	0.012	0.012	0.000	0.000
ITGAX	0.009	0.009	0.000	0.000	N	NA	1.6561158442	0.018	0.018	0.000	0.000
PLAU	0.006	0.000	0.006	0.000	N	NA	1.6550782554	0.021	0.000	0.021	0.000
AKAP9	0.012	0.009	0.000	0.003	Y	NA	1.6209220411	0.027	0.015	0.000	0.012
KIF5A	0.003	0.000	0.000	0.003	N	NA	1.6108381155	0.064	0.000	0.003	0.061
SMARCA4	0.003	0.003	0.000	0.000	Y	NA	1.6108381155	0.003	0.003	0.000	0.000
IKZF3	0.006	0.006	0.000	0.000	N	NA	1.5995819142	0.006	0.006	0.000	0.000
MAPK1	0.006	0.003	0.003	0.000	N	NA	1.5986981279	0.009	0.006	0.003	0.000
PPP2R1B	0.003	0.003	0.000	0.000	N	NA	1.5899189240	0.006	0.006	0.000	0.000
E2F4	0.003	0.003	0.000	0.000	N	NA	1.5899189240	0.003	0.003	0.000	0.000
ESR1	0.003	0.003	0.000	0.000	N	NA	1.5899189240	0.003	0.003	0.000	0.000
PCDH11Y	0.186	0.012	0.183	0.000	N	NA	1.5888099200	0.198	0.015	0.192	0.000
PIAS1	0.003	0.003	0.000	0.000	N	NA	1.5536544184	0.003	0.003	0.000	0.000
CHEK2	0.006	0.006	0.000	0.000	Y	NA	1.5482885110	0.024	0.024	0.000	0.000
COL6A2	0.009	0.009	0.000	0.000	N	NA	1.5393342259	0.027	0.027	0.000	0.000
ING3	0.003	0.000	0.000	0.003	N	NA	1.5191690383	0.015	0.000	0.000	0.015
EGF	0.003	0.003	0.000	0.000	N	NA	1.5180977166	0.009	0.009	0.000	0.000
PRKACG	0.003	0.000	0.003	0.000	N	NA	1.5044491506	0.003	0.000	0.003	0.000
RASA1	0.003	0.000	0.003	0.000	N	NA	1.5044491506	0.003	0.000	0.003	0.000
MAPK8IP1	0.003	0.000	0.003	0.000	N	NA	1.5044491506	0.006	0.003	0.003	0.000
NCAPH	0.003	0.000	0.000	0.003	N	NA	1.5044491506	0.003	0.000	0.000	0.003
PTBP1	0.003	0.000	0.003	0.000	N	NA	1.5044491506	0.009	0.003	0.003	0.003
GRAP2	0.006	0.003	0.003	0.000	N	NA	1.4661630953	0.006	0.003	0.003	0.000
CHEK1	0.006	0.006	0.000	0.000	N	NA	1.4553565310	0.012	0.012	0.000	0.000
CNTNAP1	0.006	0.006	0.000	0.000	N	NA	1.4517794158	0.006	0.006	0.000	0.000
F2	0.003	0.003	0.000	0.000	N	NA	1.4333610113	0.006	0.006	0.000	0.000
ERBB4	0.003	0.003	0.000	0.000	N	NA	1.4333610113	0.003	0.003	0.000	0.000
PSMD4	0.003	0.003	0.000	0.000	N	NA	1.4279465506	0.003	0.003	0.000	0.000
ADAM12	0.009	0.003	0.006	0.000	N	NA	1.4261439393	0.024	0.006	0.018	0.000
TJP3	0.003	0.003	0.000	0.000	N	NA	1.4250526828	0.009	0.009	0.000	0.000
POLR2A	0.003	0.003	0.000	0.000	N	NA	1.4250526828	0.006	0.006	0.000	0.000
MED13	0.006	0.006	0.000	0.000	N	NA	1.4176769483	0.009	0.009	0.000	0.000
IGFBP3	0.009	0.000	0.000	0.009	N	NA	1.4005644530	0.018	0.000	0.000	0.018
PSMB8	0.003	0.003	0.000	0.000	N	NA	1.3800615065	0.006	0.006	0.000	0.000
SRC	0.006	0.006	0.000	0.000	N	NA	1.3772145683	0.006	0.006	0.000	0.000
CALML6	0.003	0.000	0.003	0.000	N	NA	1.3685802419	0.003	0.000	0.003	0.000
CRKL	0.003	0.003	0.000	0.000	N	NA	1.3685802419	0.006	0.003	0.003	0.000
DFFB	0.003	0.000	0.003	0.000	N	NA	1.3685802419	0.009	0.000	0.009	0.000
ADCY6	0.003	0.000	0.000	0.003	N	NA	1.3680421969	0.015	0.006	0.003	0.006
CACNB3	0.003	0.000	0.000	0.003	N	NA	1.3680421969	0.015	0.006	0.003	0.006
SMARCC2	0.003	0.000	0.000	0.003	N	NA	1.3680421969	0.015	0.006	0.003	0.006
PRKCA	0.003	0.003	0.000	0.000	N	NA	1.3544388921	0.006	0.006	0.000	0.000
IGF2R	0.003	0.003	0.000	0.000	N	NA	1.3460992699	0.006	0.006	0.000	0.000
MAP4K1	0.003	0.003	0.000	0.000	N	NA	1.3359460003	0.009	0.006	0.000	0.003
AKT3	0.003	0.000	0.000	0.003	N	NA	1.3358795709	0.006	0.000	0.000	0.006
PRKCG	0.006	0.006	0.000	0.000	N	NA	1.3358118141	0.006	0.006	0.000	0.000
RYR2	0.024	0.024	0.000	0.000	N	NA	1.3295735955	0.079	0.079	0.000	0.000
SYNJ2	0.006	0.006	0.000	0.000	N	NA	1.3234450101	0.009	0.009	0.000	0.000
B2M	0.003	0.003	0.000	0.000	N	NA	1.3197593622	0.003	0.003	0.000	0.000
NTRK3	0.003	0.003	0.000	0.000	Y	NA	1.2975368605	0.006	0.006	0.000	0.000
TARDBP	0.003	0.000	0.000	0.003	N	NA	1.2774489914	0.006	0.000	0.003	0.003
CDH5	0.003	0.003	0.000	0.000	N	NA	1.2630113237	0.006	0.006	0.000	0.000
PDLIM5	0.003	0.003	0.000	0.000	N	NA	1.2630113237	0.003	0.003	0.000	0.000
CACNA1H	0.027	0.009	0.018	0.000	N	NA	1.2579697599	0.043	0.012	0.030	0.000
LYN	0.006	0.006	0.000	0.000	N	NA	1.2501345097	0.009	0.009	0.000	0.000
ITGA10	0.006	0.006	0.000	0.000	N	NA	1.2456980931	0.009	0.009	0.000	0.000
INSR	0.003	0.003	0.000	0.000	N	NA	1.2174853354	0.006	0.006	0.000	0.000
HLA-A	0.003	0.000	0.003	0.000	N	NA	1.2028323801	0.009	0.000	0.009	0.000
MCM6	0.006	0.006	0.000	0.000	N	NA	1.1966833991	0.009	0.006	0.000	0.003
SRPK1	0.003	0.003	0.000	0.000	N	NA	1.1897565290	0.009	0.006	0.000	0.003
VLDLR	0.009	0.003	0.006	0.000	N	NA	1.1875216447	0.012	0.003	0.009	0.000
PDGFRB	0.003	0.003	0.000	0.000	Y	NA	1.1821869759	0.012	0.012	0.000	0.000
NEK2	0.006	0.003	0.003	0.000	N	NA	1.1726816391	0.006	0.003	0.003	0.000
APOB	0.024	0.024	0.000	0.000	N	NA	1.1572179001	0.040	0.037	0.000	0.003
VAV2	0.003	0.003	0.000	0.000	N	NA	1.1369989011	0.009	0.009	0.000	0.000
PIK3CB	0.003	0.003	0.000	0.000	N	NA	1.1354359270	0.009	0.006	0.000	0.003
FOS	0.003	0.003	0.000	0.000	N	NA	1.1354359270	0.003	0.003	0.000	0.000
RPN1	0.003	0.003	0.000	0.000	Y	NA	1.1307805309	0.003	0.003	0.000	0.000
NBN	0.003	0.003	0.000	0.000	N	NA	1.1307805309	0.003	0.003	0.000	0.000
BCAR1	0.003	0.003	0.000	0.000	N	NA	1.1307805309	0.009	0.006	0.003	0.000
EZH2	0.006	0.000	0.000	0.006	Y	NA	1.1178573119	0.015	0.003	0.000	0.012
ZNF212	0.009	0.000	0.000	0.009	N	NA	1.1121138288	0.012	0.000	0.000	0.012
DSP	0.003	0.003	0.000	0.000	N	NA	1.1092228750	0.030	0.030	0.000	0.000
FLNC	0.006	0.003	0.000	0.003	N	NA	1.1077977865	0.024	0.009	0.000	0.015
CLSPN	0.003	0.003	0.000	0.000	N	NA	1.1072061481	0.003	0.003	0.000	0.000
FBLN2	0.006	0.006	0.000	0.000	N	NA	1.1054017722	0.018	0.018	0.000	0.000
SDC1	0.003	0.003	0.000	0.000	N	NA	1.1007886306	0.006	0.003	0.000	0.003
PSMC2	0.003	0.000	0.000	0.003	N	NA	1.0955453567	0.006	0.000	0.000	0.006
TCRBV8S1	0.003	0.000	0.000	0.003	N	NA	1.0955453567	0.009	0.000	0.000	0.009
XRCC2	0.003	0.000	0.000	0.003	N	NA	1.0955453567	0.018	0.000	0.003	0.015
RABIF	0.003	0.000	0.000	0.003	N	NA	1.0848747628	0.006	0.000	0.000	0.006
MYOG	0.003	0.000	0.000	0.003	N	NA	1.0848747628	0.006	0.000	0.000	0.006
TEK	0.003	0.000	0.003	0.000	N	NA	1.0848747628	0.064	0.015	0.049	0.000
ATM	0.003	0.003	0.000	0.000	Y	NA	1.0809920853	0.018	0.018	0.000	0.000
WT1	0.003	0.003	0.000	0.000	Y	NA	1.0809920853	0.003	0.003	0.000	0.000
SYNJ1	0.003	0.000	0.000	0.003	N	NA	1.0685832443	0.006	0.000	0.000	0.006
PSMD13	0.003	0.003	0.000	0.000	N	NA	1.0682281915	0.009	0.009	0.000	0.000
COL4A3	0.003	0.003	0.000	0.000	N	NA	1.0605266289	0.003	0.003	0.000	0.000
KLHL9	0.058	0.000	0.058	0.000	N	NA	1.0527552583	0.229	0.000	0.229	0.000
S100A4	0.003	0.000	0.000	0.003	N	NA	1.0391868944	0.003	0.000	0.000	0.003
PSIP1	0.006	0.000	0.006	0.000	N	NA	1.0263268137	0.012	0.000	0.009	0.003
NOTCH2	0.003	0.003	0.000	0.000	Y	NA	1.0181205098	0.009	0.009	0.000	0.000
CBLB	0.003	0.003	0.000	0.000	Y	NA	1.0181205098	0.003	0.003	0.000	0.000
FGF13	0.003	0.003	0.000	0.000	N	NA	1.0181205098	0.003	0.003	0.000	0.000
RFC4	0.003	0.000	0.000	0.003	N	NA	1.0113890134	0.006	0.003	0.000	0.003
CDKN1B	0.003	0.003	0.000	0.000	N	NA	1.0094207575	0.006	0.003	0.003	0.000
NFKBIA	0.003	0.003	0.000	0.000	N	NA	1.0082458975	0.003	0.003	0.000	0.000
COL5A2	0.003	0.003	0.000	0.000	N	NA	1.0082458975	0.006	0.006	0.000	0.000
IGF1R	0.003	0.003	0.000	0.000	N	NA	0.9941597875	0.006	0.006	0.000	0.000
COL4A5	0.006	0.003	0.003	0.000	N	NA	0.9786802686	0.012	0.009	0.003	0.000
PIK3CD	0.003	0.000	0.000	0.003	N	NA	0.9786776376	0.012	0.000	0.009	0.003
FBLN1	0.006	0.003	0.003	0.000	N	NA	0.9767490645	0.012	0.006	0.006	0.000
MDM4	0.003	0.000	0.000	0.003	Y	NA	0.9706637899	0.037	0.003	0.000	0.034
ITGB2	0.009	0.009	0.000	0.000	N	NA	0.9654048781	0.012	0.012	0.000	0.000
ACAN	0.003	0.003	0.000	0.000	N	NA	0.9628438360	0.012	0.012	0.000	0.000
GRK5	0.003	0.000	0.003	0.000	N	NA	0.9568903521	0.018	0.000	0.018	0.000
MELK	0.006	0.003	0.003	0.000	N	NA	0.9338533269	0.006	0.003	0.003	0.000
MAG	0.003	0.003	0.000	0.000	N	NA	0.9185499533	0.009	0.009	0.000	0.000
PTK2B	0.006	0.006	0.000	0.000	N	NA	0.9001223075	0.006	0.006	0.000	0.000
VEGFA	0.006	0.003	0.000	0.003	N	NA	0.8878712224	0.012	0.006	0.000	0.006
ADCY8	0.003	0.003	0.000	0.000	N	NA	0.8827719261	0.006	0.006	0.000	0.000
CD3E	0.003	0.003	0.000	0.000	N	NA	0.8827719261	0.006	0.006	0.000	0.000
MAP3K4	0.009	0.006	0.003	0.000	N	NA	0.8827704867	0.009	0.006	0.003	0.000
PRKCB	0.006	0.006	0.000	0.000	N	NA	0.8797790428	0.009	0.009	0.000	0.000
RPA2	0.006	0.003	0.003	0.000	N	NA	0.8739987272	0.006	0.003	0.003	0.000
CEBPB	0.003	0.003	0.000	0.000	N	NA	0.8680284896	0.003	0.003	0.000	0.000
BRSK1	0.003	0.003	0.000	0.000	N	NA	0.8612102063	0.003	0.003	0.000	0.000
PRKCQ	0.003	0.003	0.000	0.000	N	NA	0.8453508067	0.015	0.003	0.009	0.003
PARP1	0.003	0.003	0.000	0.000	N	NA	0.8411153256	0.006	0.006	0.000	0.000
BCR	0.003	0.003	0.000	0.000	Y	NA	0.8398089217	0.009	0.006	0.003	0.000
GABRG2	0.006	0.006	0.000	0.000	N	NA	0.8377777224	0.009	0.009	0.000	0.000
TAP1	0.003	0.003	0.000	0.000	N	NA	0.8336200084	0.003	0.003	0.000	0.000
PPP1CC	0.003	0.003	0.000	0.000	N	NA	0.8316627673	0.003	0.003	0.000	0.000
ANAPC1	0.003	0.003	0.000	0.000	N	NA	0.8304431174	0.006	0.006	0.000	0.000
CDK5RAP2	0.003	0.003	0.000	0.000	N	NA	0.8304431174	0.006	0.006	0.000	0.000
PTPN6	0.006	0.003	0.000	0.003	N	NA	0.8278432300	0.009	0.003	0.000	0.006
ZWINT	0.003	0.000	0.003	0.000	N	NA	0.8230015883	0.015	0.000	0.015	0.000
ITGB4	0.003	0.003	0.000	0.000	N	NA	0.8202383738	0.012	0.009	0.000	0.003
CALM1	0.003	0.003	0.000	0.000	N	NA	0.8200761522	0.003	0.003	0.000	0.000
BLM	0.003	0.003	0.000	0.000	Y	NA	0.8200761522	0.003	0.003	0.000	0.000
BSG	0.003	0.000	0.000	0.003	N	NA	0.8200761522	0.006	0.000	0.003	0.003
S1PR3	0.003	0.003	0.000	0.000	N	NA	0.8124275672	0.006	0.003	0.003	0.000
IFNGR1	0.003	0.003	0.000	0.000	N	NA	0.8088037893	0.003	0.003	0.000	0.000
MCM3	0.006	0.006	0.000	0.000	N	NA	0.8034372892	0.006	0.006	0.000	0.000
AMHR2	0.003	0.003	0.000	0.000	N	NA	0.7946770063	0.003	0.003	0.000	0.000
NFATC1	0.003	0.003	0.000	0.000	N	NA	0.7879123991	0.003	0.003	0.000	0.000
KALRN	0.003	0.003	0.000	0.000	N	NA	0.7830680877	0.012	0.012	0.000	0.000
CD8A	0.003	0.003	0.000	0.000	N	NA	0.7789597944	0.003	0.003	0.000	0.000
NRXN1	0.003	0.003	0.000	0.000	N	NA	0.7756965396	0.015	0.015	0.000	0.000
EIF4A1	0.003	0.003	0.000	0.000	N	NA	0.7756965396	0.003	0.003	0.000	0.000
JAK2	0.003	0.003	0.000	0.000	Y	NA	0.7756965396	0.006	0.003	0.003	0.000
EGR1	0.003	0.003	0.000	0.000	N	NA	0.7629386519	0.009	0.009	0.000	0.000
VCAN	0.006	0.006	0.000	0.000	N	NA	0.7623287016	0.009	0.006	0.003	0.000
SLC6A3	0.003	0.003	0.000	0.000	N	NA	0.7565317255	0.018	0.012	0.003	0.003
GRB2	0.003	0.000	0.000	0.003	N	NA	0.7533130680	0.003	0.000	0.000	0.003
NCF1	0.003	0.003	0.000	0.000	N	NA	0.7533130680	0.018	0.003	0.000	0.015
IFI16	0.006	0.003	0.000	0.003	N	NA	0.7465894868	0.006	0.003	0.000	0.003
PTPRC	0.003	0.003	0.000	0.000	N	NA	0.7398343065	0.006	0.006	0.000	0.000
CTNNA2	0.003	0.003	0.000	0.000	N	NA	0.7398343065	0.009	0.009	0.000	0.000
SDC2	0.003	0.003	0.000	0.000	N	NA	0.7384883197	0.003	0.003	0.000	0.000
NKX3-2	0.003	0.003	0.000	0.000	N	NA	0.7335426437	0.006	0.006	0.000	0.000
CDC23	0.003	0.003	0.000	0.000	N	NA	0.7181666950	0.003	0.003	0.000	0.000
PLAT	0.003	0.003	0.000	0.000	N	NA	0.7181666950	0.006	0.006	0.000	0.000
ITGA1	0.003	0.003	0.000	0.000	N	NA	0.7181666950	0.006	0.006	0.000	0.000
ITGB7	0.006	0.006	0.000	0.000	N	NA	0.7150294717	0.009	0.009	0.000	0.000
NEFH	0.003	0.003	0.000	0.000	N	NA	0.7131484585	0.006	0.006	0.000	0.000
POU2F1	0.003	0.003	0.000	0.000	N	NA	0.7131484585	0.006	0.006	0.000	0.000
DAPK1	0.003	0.003	0.000	0.000	N	NA	0.7131484585	0.006	0.003	0.003	0.000
PRKCD	0.003	0.003	0.000	0.000	N	NA	0.6955257024	0.009	0.009	0.000	0.000
CACNA1I	0.009	0.006	0.003	0.000	N	NA	0.6910417220	0.012	0.009	0.003	0.000
NGF	0.006	0.003	0.003	0.000	N	NA	0.6478565897	0.006	0.003	0.003	0.000
MCM5	0.003	0.000	0.003	0.000	N	NA	0.6431615070	0.009	0.006	0.003	0.000
STAT1	0.003	0.003	0.000	0.000	N	NA	0.6431615070	0.006	0.006	0.000	0.000
YWHAH	0.003	0.000	0.003	0.000	N	NA	0.6431615070	0.003	0.000	0.003	0.000
COL6A1	0.003	0.003	0.000	0.000	N	NA	0.6201876534	0.006	0.006	0.000	0.000
IRS1	0.003	0.003	0.000	0.000	N	NA	0.6201876534	0.009	0.009	0.000	0.000
BMI1	0.003	0.000	0.000	0.003	N	NA	0.6075070209	0.015	0.000	0.012	0.003
PPP2R5D	0.003	0.003	0.000	0.000	N	NA	0.6075070209	0.003	0.003	0.000	0.000
STAT3	0.003	0.003	0.000	0.000	N	NA	0.6030133207	0.003	0.003	0.000	0.000
MXD1	0.003	0.003	0.000	0.000	N	NA	0.6030133207	0.003	0.003	0.000	0.000
SPN	0.003	0.003	0.000	0.000	N	NA	0.5909838020	0.003	0.003	0.000	0.000
HLA-DOA	0.003	0.003	0.000	0.000	N	NA	0.5867773611	0.003	0.003	0.000	0.000
PCDHGC5	0.085	0.085	0.000	0.000	N	NA	0.5818084049	0.110	0.110	0.000	0.000
COL6A3	0.003	0.003	0.000	0.000	N	NA	0.5729203843	0.034	0.034	0.000	0.000
EPS8	0.003	0.003	0.000	0.000	N	NA	0.5692756207	0.006	0.003	0.003	0.000
STAT6	0.003	0.000	0.000	0.003	N	NA	0.5692756207	0.021	0.003	0.006	0.012
RAN	0.003	0.000	0.003	0.000	N	NA	0.5633493763	0.003	0.000	0.003	0.000
CDC27	0.012	0.012	0.000	0.000	N	NA	0.5623893170	0.015	0.015	0.000	0.000
JUP	0.003	0.003	0.000	0.000	N	NA	0.5602221115	0.006	0.006	0.000	0.000
GNAT3	0.015	0.012	0.000	0.003	N	NA	0.5564906881	0.027	0.012	0.000	0.015
ETS2	0.003	0.000	0.003	0.000	N	NA	0.5564902691	0.003	0.000	0.003	0.000
SMC3	0.003	0.000	0.003	0.000	N	NA	0.5492429708	0.024	0.009	0.015	0.000
ROCK2	0.006	0.003	0.000	0.003	N	NA	0.5418759058	0.006	0.003	0.000	0.003
SOS1	0.003	0.003	0.000	0.000	N	NA	0.5371654707	0.003	0.003	0.000	0.000
HCLS1	0.003	0.003	0.000	0.000	N	NA	0.5359235997	0.009	0.009	0.000	0.000
PLCB1	0.003	0.003	0.000	0.000	N	NA	0.5359235997	0.003	0.003	0.000	0.000
FBN2	0.006	0.006	0.000	0.000	N	NA	0.5128751199	0.021	0.018	0.003	0.000
MLL	0.003	0.003	0.000	0.000	Y	NA	0.5037630299	0.009	0.009	0.000	0.000
JAK1	0.003	0.003	0.000	0.000	Y	NA	0.5028756721	0.006	0.006	0.000	0.000
SGOL2	0.006	0.006	0.000	0.000	N	NA	0.4786610013	0.012	0.012	0.000	0.000
MAP2K3	0.003	0.003	0.000	0.000	N	NA	0.4768846849	0.003	0.003	0.000	0.000
GNAO1	0.003	0.003	0.000	0.000	N	NA	0.4768846849	0.003	0.003	0.000	0.000
ANAPC7	0.003	0.003	0.000	0.000	N	NA	0.4677833245	0.003	0.003	0.000	0.000
WEE2	0.003	0.003	0.000	0.000	N	NA	0.4677833245	0.015	0.006	0.000	0.009
ITPR1	0.009	0.009	0.000	0.000	N	NA	0.4516247146	0.012	0.012	0.000	0.000
SH3GL3	0.003	0.003	0.000	0.000	N	NA	0.4388130803	0.006	0.006	0.000	0.000
IGFBP7	0.006	0.000	0.000	0.006	N	NA	0.4253864606	0.015	0.000	0.003	0.012
NID1	0.003	0.003	0.000	0.000	N	NA	0.4246665422	0.003	0.003	0.000	0.000
IL7	0.003	0.003	0.000	0.000	N	NA	0.4235171607	0.003	0.003	0.000	0.000
GRB10	0.003	0.003	0.000	0.000	N	NA	0.4235171607	0.027	0.006	0.000	0.021
DNMBP	0.003	0.003	0.000	0.000	N	NA	0.3952899642	0.024	0.012	0.012	0.000
RASGRF1	0.006	0.006	0.000	0.000	N	NA	0.3842287782	0.009	0.009	0.000	0.000
MDM2	0.015	0.000	0.000	0.015	Y	NA	0.3836927045	0.076	0.006	0.000	0.070
CCL3L1	0.003	0.000	0.003	0.000	N	NA	0.3581174088	0.021	0.000	0.009	0.012
SLC18A2	0.006	0.003	0.003	0.000	N	NA	0.3535307446	0.018	0.003	0.015	0.000
TGFBI	0.003	0.003	0.000	0.000	N	NA	0.3479387411	0.003	0.003	0.000	0.000
ELAVL2	0.088	0.006	0.082	0.000	N	NA	0.3433767930	0.143	0.006	0.137	0.000
PCDHAC2	0.055	0.055	0.000	0.000	N	NA	0.3194456753	0.101	0.101	0.000	0.000
CNTN2	0.003	0.000	0.000	0.003	N	NA	0.3175135487	0.018	0.006	0.000	0.012
GRID2	0.003	0.003	0.000	0.000	N	NA	0.3083666793	0.006	0.006	0.000	0.000
RYR3	0.024	0.024	0.000	0.000	N	NA	0.3035461582	0.052	0.049	0.003	0.000
DDB1	0.003	0.003	0.000	0.000	N	NA	0.2999309519	0.003	0.003	0.000	0.000
GRIN2C	0.006	0.006	0.000	0.000	N	NA	0.2920543327	0.006	0.006	0.000	0.000
VAMP3	0.003	0.003	0.000	0.000	N	NA	0.2862784176	0.012	0.003	0.009	0.000
NTRK1	0.003	0.003	0.000	0.000	Y	NA	0.2708939030	0.006	0.006	0.000	0.000
PPP3CC	0.003	0.000	0.003	0.000	N	NA	0.2525660801	0.003	0.000	0.003	0.000
F10	0.003	0.003	0.000	0.000	N	NA	0.2461189765	0.003	0.003	0.000	0.000
COL4A1	0.003	0.003	0.000	0.000	N	NA	0.2409556825	0.009	0.009	0.000	0.000
CCNF	0.003	0.000	0.000	0.003	N	NA	0.2320547602	0.003	0.000	0.000	0.003
GABRQ	0.003	0.003	0.000	0.000	N	NA	0.2292305192	0.003	0.003	0.000	0.000
RAF1	0.003	0.003	0.000	0.000	Y	NA	0.2102347690	0.003	0.003	0.000	0.000
F9	0.006	0.006	0.000	0.000	N	NA	0.2060312324	0.009	0.009	0.000	0.000
SP1	0.003	0.003	0.000	0.000	N	NA	0.2056139752	0.003	0.003	0.000	0.000
CCT2	0.012	0.003	0.000	0.009	N	NA	0.2018987909	0.030	0.006	0.000	0.024
CDH18	0.012	0.012	0.000	0.000	N	NA	0.1909513177	0.027	0.027	0.000	0.000
CALML5	0.009	0.003	0.003	0.003	N	NA	0.1866263107	0.015	0.003	0.009	0.003
PTPRM	0.003	0.003	0.000	0.000	N	NA	0.1811270813	0.009	0.009	0.000	0.000
VAMP7	0.003	0.003	0.000	0.000	N	NA	0.1739702118	0.009	0.009	0.000	0.000
FAT2	0.018	0.018	0.000	0.000	N	NA	0.1738023004	0.027	0.027	0.000	0.000
HLA-DQB1	0.003	0.000	0.000	0.003	N	NA	0.1433476547	0.006	0.000	0.003	0.003
PCDHA10	0.018	0.000	0.015	0.003	N	NA	0.1357015523	0.024	0.000	0.021	0.003
MCM4	0.003	0.003	0.000	0.000	N	NA	0.1333635048	0.006	0.006	0.000	0.000
CD1C	0.003	0.000	0.000	0.003	N	NA	0.1290229508	0.006	0.000	0.000	0.006
CDH15	0.006	0.006	0.000	0.000	N	NA	0.1236943825	0.006	0.006	0.000	0.000
PCDH15	0.012	0.006	0.006	0.000	N	NA	0.1231927608	0.027	0.009	0.018	0.000
GABRA5	0.006	0.003	0.003	0.000	N	NA	0.1215265229	0.009	0.006	0.003	0.000
SGCB	0.003	0.000	0.000	0.003	N	NA	0.1210542735	0.024	0.000	0.000	0.024
SMC1A	0.003	0.003	0.000	0.000	N	NA	0.1146985827	0.015	0.012	0.000	0.003
RAB3GAP2	0.003	0.003	0.000	0.000	N	NA	0.1115035016	0.012	0.009	0.003	0.000
GABBR2	0.003	0.003	0.000	0.000	N	NA	0.1105237897	0.006	0.006	0.000	0.000
IL12RB2	0.003	0.003	0.000	0.000	N	NA	0.1093009537	0.009	0.006	0.000	0.003
DACH1	0.003	0.003	0.000	0.000	N	NA	0.1090282965	0.006	0.003	0.003	0.000
ERCC6L	0.003	0.003	0.000	0.000	N	NA	0.1079115868	0.006	0.006	0.000	0.000
CACNA1S	0.012	0.009	0.000	0.003	N	NA	0.1013248982	0.027	0.024	0.000	0.003
LRRC7	0.012	0.012	0.000	0.000	N	NA	0.0997104884	0.015	0.012	0.000	0.003
KIR3DL2	0.003	0.003	0.000	0.000	N	NA	0.0977823824	0.018	0.015	0.003	0.000
SLC26A8	0.006	0.006	0.000	0.000	N	NA	0.0937184255	0.012	0.009	0.000	0.003
CEP135	0.012	0.000	0.000	0.012	N	NA	0.0902808910	0.027	0.003	0.003	0.021
TUBA4B	0.003	0.003	0.000	0.000	N	NA	0.0896039653	0.003	0.003	0.000	0.000
CD79B	0.003	0.000	0.003	0.000	Y	NA	0.0893676537	0.006	0.000	0.006	0.000
HMHA1	0.003	0.003	0.000	0.000	N	NA	0.0859943342	0.009	0.006	0.003	0.000
PCDHA8	0.006	0.000	0.003	0.003	N	NA	0.0858069183	0.012	0.000	0.003	0.009
MYF5	0.006	0.006	0.000	0.000	N	NA	0.0835902251	0.006	0.006	0.000	0.000
EPHA1	0.003	0.003	0.000	0.000	N	NA	0.0822012401	0.009	0.003	0.000	0.006
GABRB3	0.003	0.003	0.000	0.000	N	NA	0.0818949334	0.021	0.018	0.003	0.000
GRASP	0.003	0.000	0.000	0.003	N	NA	0.0808343437	0.003	0.000	0.000	0.003
DCTN2	0.024	0.003	0.000	0.024	N	NA	0.0805121544	0.064	0.003	0.003	0.061
BARD1	0.003	0.003	0.000	0.000	N	NA	0.0796695278	0.006	0.006	0.000	0.000
HLF	0.003	0.003	0.000	0.000	Y	NA	0.0780464685	0.003	0.003	0.000	0.000
SNAPIN	0.003	0.000	0.000	0.003	N	NA	0.0749199383	0.003	0.000	0.000	0.003
GABRA4	0.003	0.003	0.000	0.000	N	NA	0.0748553373	0.012	0.012	0.000	0.000
PLCG2	0.003	0.003	0.000	0.000	N	NA	0.0728634675	0.009	0.009	0.000	0.000
PCDH19	0.009	0.009	0.000	0.000	N	NA	0.0717196561	0.018	0.018	0.000	0.000
DDIT3	0.006	0.000	0.000	0.006	Y	NA	0.0713945048	0.073	0.003	0.003	0.067
AMPH	0.003	0.003	0.000	0.000	N	NA	0.0708183249	0.021	0.012	0.000	0.009
GABRA1	0.003	0.003	0.000	0.000	N	NA	0.0704006947	0.015	0.015	0.000	0.000
LILRB3	0.006	0.006	0.000	0.000	N	NA	0.0701257744	0.012	0.009	0.000	0.003
CACNA1B	0.012	0.012	0.000	0.000	N	NA	0.0699865138	0.015	0.015	0.000	0.000
PCDHB4	0.006	0.006	0.000	0.000	N	NA	0.0658359932	0.006	0.006	0.000	0.000
DMD	0.006	0.006	0.000	0.000	N	NA	0.0650439663	0.040	0.034	0.003	0.003
SYT1	0.003	0.003	0.000	0.000	N	NA	0.0643649408	0.006	0.003	0.000	0.003
HGF	0.003	0.003	0.000	0.000	N	NA	0.0640275968	0.018	0.006	0.000	0.012
HNRNPH3	0.003	0.003	0.000	0.000	N	NA	0.0608875774	0.021	0.003	0.018	0.000
GABRA6	0.003	0.003	0.000	0.000	N	NA	0.0602774036	0.027	0.027	0.000	0.000
SRI	0.009	0.000	0.000	0.009	N	NA	0.0572125414	0.015	0.000	0.000	0.015
RBMY1A1	0.015	0.000	0.015	0.000	N	NA	0.0570025920	0.149	0.000	0.149	0.000
PCDH9	0.003	0.000	0.003	0.000	N	NA	0.0569163041	0.015	0.012	0.003	0.000
KLC2	0.003	0.003	0.000	0.000	N	NA	0.0564775857	0.003	0.003	0.000	0.000
KCNB2	0.009	0.009	0.000	0.000	N	NA	0.0523954300	0.015	0.015	0.000	0.000
PPP3CB	0.015	0.003	0.012	0.000	N	NA	0.0518116713	0.024	0.003	0.021	0.000
TJP1	0.006	0.006	0.000	0.000	N	NA	0.0517454154	0.009	0.006	0.003	0.000
TUBA3C	0.003	0.003	0.000	0.000	N	NA	0.0513906751	0.012	0.012	0.000	0.000
CD97	0.003	0.003	0.000	0.000	N	NA	0.0495609504	0.003	0.003	0.000	0.000
KCNA4	0.006	0.006	0.000	0.000	N	NA	0.0490779881	0.006	0.006	0.000	0.000
CELSR1	0.009	0.006	0.003	0.000	N	NA	0.0472858609	0.015	0.009	0.006	0.000
CHL1	0.009	0.009	0.000	0.000	N	NA	0.0461328845	0.021	0.021	0.000	0.000
NCL	0.003	0.003	0.000	0.000	N	NA	0.0460196729	0.003	0.003	0.000	0.000
PGR	0.003	0.003	0.000	0.000	N	NA	0.0454940690	0.018	0.018	0.000	0.000
MAPKAPK3	0.003	0.003	0.000	0.000	N	NA	0.0452145964	0.003	0.003	0.000	0.000
PCDHB2	0.003	0.003	0.000	0.000	N	NA	0.0449687484	0.003	0.003	0.000	0.000
S100A8	0.006	0.003	0.000	0.003	N	NA	0.0444689920	0.009	0.006	0.000	0.003
PRKG2	0.012	0.012	0.000	0.000	N	NA	0.0443944886	0.015	0.015	0.000	0.000
LRP8	0.003	0.003	0.000	0.000	N	NA	0.0439427025	0.003	0.003	0.000	0.000
NAP1L1	0.003	0.003	0.000	0.000	N	NA	0.0439385460	0.009	0.003	0.000	0.006
PRKG1	0.012	0.003	0.009	0.000	N	NA	0.0423149316	0.018	0.003	0.015	0.000
MSH6	0.003	0.003	0.000	0.000	Y	NA	0.0418296806	0.018	0.018	0.000	0.000
ITGA7	0.003	0.003	0.000	0.000	N	NA	0.0414421343	0.006	0.003	0.000	0.003
SHANK3	0.006	0.006	0.000	0.000	N	NA	0.0413287707	0.006	0.006	0.000	0.000
KCNH1	0.006	0.006	0.000	0.000	N	NA	0.0404112555	0.012	0.009	0.003	0.000
FRYL	0.003	0.003	0.000	0.000	N	NA	0.0398814411	0.009	0.009	0.000	0.000
ADCY9	0.003	0.003	0.000	0.000	N	NA	0.0396028512	0.009	0.009	0.000	0.000
RALGDS	0.003	0.003	0.000	0.000	Y	NA	0.0395739232	0.006	0.006	0.000	0.000
PCDHB13	0.006	0.006	0.000	0.000	N	NA	0.0395648370	0.012	0.012	0.000	0.000
KCNB1	0.006	0.006	0.000	0.000	N	NA	0.0393887191	0.006	0.006	0.000	0.000
SMARCA2	0.003	0.003	0.000	0.000	N	NA	0.0391540467	0.021	0.009	0.012	0.000
GLIS1	0.003	0.003	0.000	0.000	N	NA	0.0389912426	0.009	0.009	0.000	0.000
RASSF5	0.003	0.003	0.000	0.003	N	NA	0.0387850903	0.003	0.003	0.000	0.003
DNM1L	0.003	0.000	0.000	0.003	N	NA	0.0378400162	0.009	0.000	0.003	0.006
KCNG1	0.006	0.006	0.000	0.000	N	NA	0.0354559921	0.012	0.012	0.000	0.000
CDH20	0.003	0.000	0.003	0.000	N	NA	0.0339507535	0.003	0.000	0.003	0.000
PCDHB6	0.006	0.006	0.000	0.000	N	NA	0.0337396637	0.006	0.006	0.000	0.000
VAMP1	0.003	0.000	0.000	0.003	N	NA	0.0337137768	0.006	0.000	0.000	0.006
STXBP1	0.003	0.003	0.000	0.000	N	NA	0.0326848947	0.006	0.006	0.000	0.000
DBF4	0.003	0.000	0.000	0.003	N	NA	0.0325976381	0.012	0.000	0.000	0.012
EEF1A1	0.009	0.009	0.000	0.000	N	NA	0.0324085028	0.012	0.012	0.000	0.000
DBNL	0.006	0.000	0.000	0.006	N	NA	0.0315178381	0.018	0.000	0.000	0.018
SVEP1	0.006	0.006	0.000	0.000	N	NA	0.0315170287	0.012	0.012	0.000	0.000
DCHS1	0.006	0.006	0.000	0.000	N	NA	0.0312026713	0.006	0.006	0.000	0.000
PCDH7	0.003	0.003	0.000	0.000	N	NA	0.0308014473	0.012	0.012	0.000	0.000
GNG12	0.003	0.000	0.000	0.003	N	NA	0.0307049310	0.003	0.000	0.000	0.003
NCAPG	0.003	0.003	0.000	0.000	N	NA	0.0303453095	0.009	0.009	0.000	0.000
HOXC8	0.003	0.000	0.003	0.000	N	NA	0.0302747294	0.003	0.000	0.003	0.000
CDH19	0.006	0.006	0.000	0.000	N	NA	0.0294282817	0.006	0.006	0.000	0.000
RECQL5	0.003	0.003	0.000	0.000	N	NA	0.0294267762	0.012	0.009	0.000	0.003
KCNS3	0.006	0.003	0.000	0.003	N	NA	0.0290097061	0.009	0.003	0.000	0.006
TCF12	0.003	0.003	0.000	0.000	Y	NA	0.0279994072	0.012	0.012	0.000	0.000
RAD21	0.003	0.003	0.000	0.000	N	NA	0.0277844185	0.003	0.003	0.000	0.000
RNF8	0.003	0.003	0.000	0.000	N	NA	0.0267946741	0.006	0.003	0.000	0.003
RYR1	0.003	0.003	0.000	0.000	N	NA	0.0266995265	0.015	0.015	0.000	0.000
KIFC3	0.003	0.003	0.000	0.000	N	NA	0.0266056509	0.003	0.003	0.000	0.000
TRPV6	0.006	0.006	0.000	0.000	N	NA	0.0258783246	0.024	0.021	0.000	0.006
IRS4	0.003	0.003	0.000	0.000	N	NA	0.0257860676	0.012	0.009	0.000	0.003
MNDA	0.003	0.003	0.000	0.000	N	NA	0.0255816733	0.006	0.003	0.000	0.003
NF1	0.009	0.009	0.000	0.000	Y	NA	0.0254003493	0.095	0.095	0.000	0.000
NDN	0.003	0.003	0.000	0.000	N	NA	0.0250571537	0.006	0.006	0.000	0.000
ADCY1	0.003	0.003	0.000	0.000	N	NA	0.0250357297	0.030	0.012	0.000	0.018
COL11A2	0.003	0.003	0.000	0.000	N	NA	0.0243317809	0.018	0.018	0.000	0.000
LIPG	0.003	0.003	0.000	0.000	N	NA	0.0241988595	0.003	0.003	0.000	0.000
AQP1	0.006	0.000	0.000	0.006	N	NA	0.0239928758	0.018	0.000	0.000	0.018
CNKSR2	0.003	0.003	0.000	0.000	N	NA	0.0235246567	0.006	0.006	0.000	0.000
SLIT3	0.006	0.006	0.000	0.000	N	NA	0.0231493422	0.030	0.030	0.000	0.000
DLG1	0.003	0.003	0.000	0.000	N	NA	0.0230013723	0.003	0.003	0.000	0.000
CELSR3	0.006	0.006	0.000	0.000	N	NA	0.0227818728	0.012	0.012	0.000	0.000
PNLIP	0.006	0.000	0.006	0.000	N	NA	0.0223417268	0.015	0.000	0.015	0.000
ADCY2	0.006	0.006	0.000	0.000	N	NA	0.0217335387	0.009	0.009	0.000	0.000
CDH17	0.003	0.000	0.000	0.003	N	NA	0.0216220698	0.003	0.000	0.000	0.003
CDH8	0.003	0.003	0.000	0.000	N	NA	0.0214301354	0.006	0.003	0.000	0.003
KCNJ4	0.003	0.000	0.003	0.000	N	NA	0.0213030558	0.003	0.000	0.003	0.000
RRM2	0.003	0.003	0.000	0.000	N	NA	0.0212290379	0.006	0.003	0.000	0.003
FZD4	0.003	0.000	0.000	0.003	N	NA	0.0212198466	0.003	0.000	0.000	0.003
CELSR2	0.003	0.003	0.000	0.000	N	NA	0.0212133284	0.003	0.003	0.000	0.000
KIF15	0.003	0.003	0.000	0.000	N	NA	0.0209547359	0.003	0.003	0.000	0.000
PPP1R1A	0.003	0.000	0.000	0.003	N	NA	0.0207843771	0.006	0.000	0.000	0.006
ACVR1B	0.003	0.000	0.000	0.003	N	NA	0.0207395955	0.003	0.000	0.000	0.003
FLNB	0.003	0.003	0.000	0.000	N	NA	0.0206658983	0.006	0.006	0.000	0.000
ATRX	0.003	0.003	0.000	0.000	Y	NA	0.0206035564	0.043	0.043	0.000	0.000
CDH22	0.003	0.003	0.000	0.000	N	NA	0.0203276333	0.003	0.003	0.000	0.000
GPC2	0.006	0.000	0.000	0.006	N	NA	0.0201920617	0.006	0.000	0.000	0.006
CACNA1E	0.006	0.006	0.000	0.000	N	NA	0.0195658146	0.015	0.015	0.000	0.000
SCML2	0.006	0.006	0.000	0.000	N	NA	0.0194011362	0.006	0.006	0.000	0.000
GYG2	0.006	0.000	0.006	0.000	N	NA	0.0193392541	0.006	0.000	0.006	0.000
MACF1	0.006	0.006	0.000	0.000	N	NA	0.0192717772	0.024	0.024	0.000	0.000
KCNV1	0.003	0.003	0.000	0.000	N	NA	0.0190747367	0.009	0.006	0.000	0.003
SSRP1	0.003	0.003	0.000	0.000	N	NA	0.0190705753	0.003	0.003	0.000	0.000
HOXA2	0.003	0.000	0.000	0.003	N	NA	0.0189619649	0.015	0.003	0.000	0.012
ANK3	0.003	0.003	0.000	0.000	N	NA	0.0186625676	0.012	0.003	0.009	0.000
CDH9	0.006	0.006	0.000	0.000	N	NA	0.0185390148	0.021	0.021	0.000	0.000
TES	0.006	0.000	0.000	0.006	N	NA	0.0184755684	0.018	0.006	0.000	0.012
MVP	0.003	0.003	0.000	0.000	N	NA	0.0184460642	0.009	0.009	0.000	0.000
IL32	0.003	0.003	0.000	0.000	N	NA	0.0180972227	0.003	0.003	0.000	0.000
XIAP	0.003	0.000	0.003	0.000	N	NA	0.0177929603	0.003	0.000	0.003	0.000
CEP70	0.006	0.006	0.000	0.000	N	NA	0.0176616953	0.009	0.006	0.000	0.003
TPX2	0.003	0.003	0.000	0.000	N	NA	0.0172664682	0.003	0.003	0.000	0.000
HSPA8	0.003	0.003	0.000	0.000	N	NA	0.0172348620	0.006	0.006	0.000	0.000
RBMX	0.003	0.003	0.000	0.000	N	NA	0.0170395499	0.009	0.006	0.000	0.003
ELAVL1	0.003	0.003	0.000	0.000	N	NA	0.0170294222	0.003	0.003	0.000	0.000
MCM7	0.003	0.003	0.000	0.000	N	NA	0.0168981658	0.012	0.006	0.000	0.006
CEP250	0.006	0.006	0.000	0.000	N	NA	0.0168502756	0.009	0.009	0.000	0.000
GLI2	0.003	0.003	0.000	0.000	N	NA	0.0166145092	0.003	0.003	0.000	0.000
F8	0.006	0.006	0.000	0.000	N	NA	0.0164635548	0.015	0.015	0.000	0.000
CACNA1G	0.003	0.003	0.000	0.000	N	NA	0.0163626650	0.003	0.003	0.000	0.000
TYK2	0.006	0.006	0.000	0.000	N	NA	0.0163211147	0.012	0.009	0.000	0.003
PIP5K1C	0.003	0.003	0.000	0.000	N	NA	0.0158659070	0.003	0.003	0.000	0.000
KCNV2	0.003	0.000	0.003	0.000	N	NA	0.0154805621	0.012	0.003	0.009	0.000
CUGBP2	0.003	0.000	0.000	0.003	N	NA	0.0153810581	0.012	0.000	0.009	0.003
NXF1	0.003	0.003	0.000	0.000	N	NA	0.0153383243	0.003	0.003	0.000	0.000
CDH13	0.003	0.003	0.000	0.000	N	NA	0.0139372148	0.006	0.006	0.000	0.000
DCHS2	0.003	0.003	0.000	0.000	N	NA	0.0119141127	0.015	0.015	0.000	0.000
PCDH11X	0.003	0.003	0.000	0.000	N	NA	0.0118453897	0.024	0.024	0.000	0.000
SRPR	0.003	0.003	0.000	0.000	N	NA	0.0116245313	0.006	0.006	0.000	0.000
SHB	0.003	0.003	0.000	0.000	N	NA	0.0114046701	0.012	0.009	0.003	0.000
PCM1	0.003	0.003	0.000	0.000	Y	NA	0.0112160489	0.006	0.003	0.003	0.000
PCDH24	0.003	0.000	0.000	0.003	N	NA	0.0111746341	0.003	0.000	0.000	0.003
DYRK1B	0.003	0.000	0.000	0.003	N	NA	0.0111445574	0.003	0.000	0.000	0.003
TCF7L2	0.003	0.003	0.000	0.000	Y	NA	0.0110981544	0.021	0.006	0.015	0.000
BMPR1B	0.003	0.000	0.000	0.003	N	NA	0.0110227483	0.003	0.000	0.000	0.003
NLRP12	0.003	0.003	0.000	0.000	N	NA	0.0109346971	0.021	0.021	0.000	0.000
PSMA5	0.003	0.003	0.000	0.000	N	NA	0.0107573780	0.003	0.003	0.000	0.000
CEP63	0.003	0.003	0.000	0.000	N	NA	0.0106041350	0.009	0.006	0.003	0.000
CSNK2B	0.003	0.000	0.003	0.000	N	NA	0.0105269165	0.009	0.003	0.003	0.003
FGF18	0.003	0.003	0.000	0.000	N	NA	0.0104235602	0.006	0.006	0.000	0.000
IKBKE	0.003	0.000	0.000	0.003	N	NA	0.0104079307	0.003	0.000	0.000	0.003
CIITA	0.003	0.003	0.000	0.000	Y	NA	0.0102689101	0.006	0.006	0.000	0.000
CHP2	0.003	0.003	0.000	0.000	N	NA	0.0102382804	0.006	0.006	0.000	0.000
RAD50	0.003	0.003	0.000	0.000	N	NA	0.0097438997	0.006	0.003	0.003	0.000
NOD1	0.003	0.000	0.000	0.003	N	NA	0.0097288966	0.021	0.006	0.000	0.015
MYOD1	0.003	0.003	0.000	0.000	N	NA	0.0097129416	0.003	0.003	0.000	0.000
CACNA1C	0.003	0.003	0.000	0.000	N	NA	0.0096344195	0.015	0.012	0.000	0.003
CTBP1	0.003	0.000	0.003	0.000	N	NA	0.0095831147	0.006	0.000	0.006	0.000
P2RX2	0.003	0.003	0.000	0.000	N	NA	0.0094206453	0.003	0.003	0.000	0.000
MAPK8IP2	0.003	0.003	0.000	0.000	N	NA	0.0093655733	0.006	0.006	0.000	0.000
SDCCAG8	0.003	0.000	0.000	0.003	N	NA	0.0093626745	0.012	0.003	0.000	0.009
PPARG	0.003	0.003	0.000	0.000	Y	NA	0.0093547970	0.003	0.003	0.000	0.000
ADCY5	0.003	0.003	0.000	0.000	N	NA	0.0093415351	0.018	0.018	0.000	0.000
RBBP4	0.003	0.003	0.000	0.000	N	NA	0.0092637881	0.003	0.003	0.000	0.000
VASP	0.003	0.003	0.000	0.000	N	NA	0.0092538186	0.003	0.003	0.000	0.000
AKAP6	0.003	0.003	0.000	0.000	N	NA	0.0092022967	0.009	0.009	0.000	0.000
SFI1	0.003	0.000	0.003	0.000	N	NA	0.0091129299	0.012	0.006	0.006	0.000
APEX2	0.003	0.000	0.003	0.000	N	NA	0.0090898774	0.009	0.003	0.003	0.003
CSNK1G1	0.003	0.003	0.000	0.000	N	NA	0.0090672092	0.003	0.003	0.000	0.000
RXRA	0.003	0.003	0.000	0.000	N	NA	0.0090289353	0.006	0.006	0.000	0.000
ZNF274	0.003	0.003	0.000	0.000	N	NA	0.0089835258	0.006	0.006	0.000	0.000
PCDHB5	0.003	0.003	0.000	0.000	N	NA	0.0089487234	0.006	0.006	0.000	0.000
PLCZ1	0.003	0.000	0.000	0.003	N	NA	0.0089477027	0.009	0.003	0.003	0.003
EZR	0.003	0.003	0.000	0.000	Y	NA	0.0088515470	0.012	0.012	0.000	0.000
TLE2	0.003	0.003	0.000	0.000	N	NA	0.0087496572	0.006	0.006	0.000	0.000
PHKA1	0.003	0.003	0.000	0.000	N	NA	0.0087211091	0.006	0.006	0.000	0.000
BTRC	0.003	0.003	0.000	0.000	N	NA	0.0086918223	0.015	0.003	0.012	0.000
CNTN1	0.003	0.000	0.003	0.000	N	NA	0.0086816343	0.006	0.003	0.003	0.000
POLA1	0.003	0.003	0.000	0.000	N	NA	0.0085885490	0.003	0.003	0.000	0.000
FZD10	0.003	0.000	0.003	0.000	N	NA	0.0085634436	0.012	0.009	0.003	0.000
MAPK8IP3	0.003	0.003	0.000	0.000	N	NA	0.0085321464	0.006	0.006	0.000	0.000
MRE11A	0.003	0.003	0.000	0.000	N	NA	0.0084544282	0.003	0.003	0.000	0.000
MYST4	0.003	0.003	0.000	0.000	Y	NA	0.0084439792	0.030	0.009	0.021	0.000
TUBG1	0.003	0.003	0.000	0.000	N	NA	0.0084239694	0.006	0.006	0.000	0.000
FOXO3	0.003	0.000	0.000	0.003	N	NA	0.0084170816	0.009	0.003	0.003	0.003
GNA15	0.003	0.003	0.000	0.000	N	NA	0.0082908175	0.003	0.003	0.000	0.000
AHR	0.003	0.003	0.000	0.000	N	NA	0.0082726183	0.021	0.012	0.000	0.009
SLC4A2	0.003	0.003	0.000	0.000	N	NA	0.0081621853	0.018	0.006	0.000	0.012
RUVBL2	0.003	0.003	0.000	0.000	N	NA	0.0080815711	0.006	0.006	0.000	0.000
MEN1	0.003	0.003	0.000	0.000	Y	NA	0.0080186561	0.009	0.009	0.000	0.000
IL12B	0.003	0.003	0.000	0.000	N	NA	0.0079262257	0.003	0.003	0.000	0.000
CTDSP2	0.003	0.000	0.000	0.003	N	NA	0.0078331225	0.095	0.003	0.000	0.091
PIK3R5	0.003	0.003	0.000	0.000	N	NA	0.0078298862	0.003	0.003	0.000	0.000
MYBL1	0.003	0.003	0.000	0.000	N	NA	0.0078105414	0.003	0.003	0.000	0.000
TAX1BP1	0.003	0.000	0.000	0.003	N	NA	0.0077597412	0.015	0.000	0.000	0.015
PDGFD	0.003	0.003	0.000	0.000	N	NA	0.0076558118	0.006	0.006	0.000	0.000
TUBGCP5	0.003	0.000	0.003	0.000	N	NA	0.0076320430	0.009	0.006	0.003	0.000
TGFBR1	0.003	0.003	0.000	0.000	N	NA	0.0076312092	0.006	0.006	0.000	0.000
