SAMPLE_ID	DRIVER	IMPACT_SCORE	IS_DEREGULATED	MODULE_SIZE	NUM_DRIVERS
0	PTEN	328.095	0	78	2
0	TP53	328.095	0	78	2
1	AKAP6	3.018	0	1	1
1	CDK4	916.946	1	236	5
1	EGFR	916.946	0	236	5
1	PIK3R1	916.946	1	236	5
1	TP53	916.946	0	236	5
1	HLA-DRB1	916.946	1	236	5
2	ACTB	411.443	0	93	9
2	EGFR	411.443	0	93	9
2	HNRNPA2B1	411.443	0	93	9
2	PSMA2	411.443	0	93	9
2	PTEN	411.443	0	93	9
2	RAC1	411.443	0	93	9
2	RB1	411.443	0	93	9
2	IGFBP3	411.443	0	93	9
2	ADCYAP1R1	411.443	0	93	9
2	AQP1	3.948	0	1	1
2	TAX1BP1	2.545	0	1	1
3	CDKN2A	877.333	0	218	4
3	FLI1	877.333	0	218	4
3	SEC61G	877.333	0	218	4
3	PCDHA8	877.333	0	218	4
3	ELAVL2	5.598	0	1	1
4	ASPM	396.829	1	97	7
4	ATR	396.829	0	97	7
4	CDKN2A	396.829	0	97	7
4	EGFR	396.829	0	97	7
4	FN1	396.829	0	97	7
4	TP53	396.829	0	97	7
4	PCDHA10	396.829	0	97	7
4	DOCK1	4.295	0	1	1
4	HLA-DRB1	16.431	0	3	1
5	TP53	440.381	1	102	1
6	CDKN2A	174.842	0	44	2
6	PTEN	174.842	0	44	2
6	CEP135	7.330	1	2	1
6	FGFR2	11.082	0	3	2
6	KIT	11.082	0	3	2
6	GRM5	7.332	0	2	1
6	ITGB2	8.976	0	3	1
6	KLHL9	13.449	1	4	1
6	NTRK1	88.853	0	21	2
6	ROCK2	88.853	0	21	2
6	PCDH11Y	10.978	0	3	1
7	CDH23	376.230	0	97	9
7	CDKN2A	376.230	0	97	9
7	COL1A1	376.230	0	97	9
7	CTNNB1	376.230	0	97	9
7	FGFR1	376.230	0	97	9
7	PTEN	376.230	0	97	9
7	VLDLR	376.230	0	97	9
7	MET	376.230	0	97	9
7	MLLT4	376.230	0	97	9
7	KLHL9	3.370	0	1	1
8	CDKN2A	2.989	0	1	1
8	EGFR	104.333	1	28	1
8	FLNC	10.315	0	3	1
8	SFI1	2.989	0	1	1
9	EGFR	454.839	0	102	3
9	PIK3R1	454.839	1	102	3
9	PTEN	454.839	0	102	3
10	CDKN2A	2.962	0	1	1
10	EGFR	91.946	1	26	1
10	ELAVL2	3.009	0	1	1
11	CDKN2A	503.711	0	121	5
11	KDR	503.711	0	121	5
11	TP53	503.711	0	121	5
11	ING3	503.711	0	121	5
11	KIT	503.711	1	121	5
12	PCDH11Y	22.859	0	6	1
12	PRKY	360.362	0	88	4
12	TP53	360.362	0	88	4
12	PSMD13	360.362	0	88	4
12	TBL1Y	360.362	0	88	4
13	TP53	200.938	0	54	1
14	CDKN2A	380.283	0	86	2
14	PTEN	380.283	0	86	2
15	ANK1	609.319	0	153	7
15	COL6A2	609.319	0	153	7
15	EP300	609.319	0	153	7
15	HLA-DRB1	609.319	1	153	7
15	PIK3R1	609.319	0	153	7
15	SMAD4	609.319	0	153	7
15	FGFR4	609.319	0	153	7
15	KCNG1	6.273	0	2	1
16	CDKN1B	313.084	0	74	5
16	PIK3CA	313.084	0	74	5
16	RB1	313.084	0	74	5
16	TP53	313.084	0	74	5
16	FGFR2	313.084	0	74	5
16	ITGA7	13.593	0	3	1
17	HLA-DRB1	22.237	0	5	1
17	PCDH11Y	22.197	0	5	1
17	PRKY	196.239	0	44	2
17	TP53	196.239	0	44	2
17	TBL1Y	6.178	0	2	1
18	EGFR	508.369	0	115	2
18	PTEN	508.369	1	115	2
19	CD3G	13.037	0	4	1
19	CDKN2A	419.112	0	94	5
19	CHEK1	419.112	0	94	5
19	COL1A1	419.112	1	94	5
19	EGFR	419.112	0	94	5
19	NTRK3	419.112	1	94	5
19	MYST4	2.770	0	1	1
20	CD3G	465.570	0	113	7
20	CDK4	465.570	1	113	7
20	EGFR	465.570	0	113	7
20	PRKY	465.570	0	113	7
20	TP53	465.570	0	113	7
20	TBL1Y	465.570	0	113	7
20	PCDH11Y	465.570	0	113	7
21	CREBBP	235.309	0	53	4
21	LAMA2	235.309	0	53	4
21	PDGFRA	235.309	1	53	4
21	PIK3CA	235.309	0	53	4
21	PCDHGC5	20.655	0	5	1
22	CCT6A	299.403	1	84	6
22	CDKN2A	299.403	0	84	6
22	TP53	299.403	0	84	6
22	PIK3R1	299.403	0	84	6
22	FLT1	299.403	0	84	6
22	PCDH11Y	299.403	0	84	6
22	PRKY	8.924	0	3	1
22	SEC61G	6.593	1	2	1
23	MDM2	19.559	0	3	1
23	PTEN	382.436	0	90	2
23	RB1	382.436	0	90	2
24	CD3G	19.133	0	5	1
24	EGFR	285.820	0	64	2
24	TP53	285.820	0	64	2
26	TP53	369.085	0	88	1
27	ADCY6	5.973	0	2	1
27	CACNB3	426.240	0	100	8
27	CDK4	426.240	0	100	8
27	COL2A1	426.240	0	100	8
27	ERBB3	426.240	0	100	8
27	FGFR1	426.240	0	100	8
27	IFNG	426.240	0	100	8
27	SMARCC2	426.240	0	100	8
27	CNOT2	426.240	0	100	8
27	DCTN2	2.923	0	1	1
27	MDM2	15.262	0	3	1
27	PPP1R1A	6.817	1	2	1
28	ANK2	116.412	0	25	1
28	CDKN2B	5.654	0	2	1
28	ELAVL2	5.988	0	1	1
29	PIK3R1	288.276	0	71	1
30	BMI1	79.828	0	23	1
30	CALML5	29.971	0	9	1
30	CEP135	7.244	1	2	1
30	CUGBP2	5.045	0	1	1
30	EPC1	4.097	0	1	1
30	ERBB2	120.173	0	27	2
30	KIT	120.173	0	27	2
30	IGFBP7	68.222	0	16	3
30	ITGA8	68.222	0	16	3
30	ITGB1	68.222	0	16	3
30	PCDH9	18.669	1	6	1
31	HSPA8	2.968	0	1	1
31	PCDH11Y	7.278	0	2	1
31	PRKY	10.193	0	3	1
32	CACNA1H	6.203	0	2	1
32	CDKN2A	367.925	0	99	5
32	RABIF	367.925	0	99	5
32	PIK3C2B	367.925	0	99	5
32	TEK	367.925	0	99	5
32	MYOG	367.925	0	99	5
32	ELAVL2	3.228	0	1	1
32	SEC61G	14.808	1	5	1
33	CDK4	385.375	1	102	3
33	TP53	385.375	0	102	3
33	PIK3R1	385.375	0	102	3
33	HLA-A	13.092	0	4	1
34	PCDH11Y	12.411	0	3	1
34	PRKY	418.912	0	113	3
34	PTEN	418.912	0	113	3
34	TP53	418.912	0	113	3
35	BMPR1B	3.615	0	1	1
35	CDH20	11.136	0	3	1
35	HLA-DRB1	32.011	1	9	1
35	PTEN	9.116	0	2	1
36	CACNA1H	2.994	0	1	1
36	ERBB2	58.941	0	18	2
36	TP53	58.941	0	18	2
37	ANK1	6.610	0	2	1
37	CBL	379.909	0	108	12
37	CDKN2A	379.909	0	108	12
37	MAPK13	379.909	0	108	12
37	TP53	379.909	0	108	12
37	ERBB3	379.909	1	108	12
37	ITGB3	379.909	0	108	12
37	COL1A1	379.909	0	108	12
37	FN1	379.909	0	108	12
37	NOS3	379.909	0	108	12
37	GLI3	379.909	0	108	12
37	PDGFRB	379.909	0	108	12
37	KIT	379.909	0	108	12
37	ELAVL2	3.205	0	1	1
37	PCDH24	3.665	0	1	1
38	CHL1	5.879	1	2	1
38	TP53	99.704	0	28	1
39	HLA-DRB1	188.437	1	49	1
40	CDKN2A	43.899	0	14	1
40	NF1	2.831	0	1	1
41	EGFR	302.206	1	91	3
41	TP53	302.206	0	91	3
41	PIK3R1	302.206	0	91	3
42	BCAR1	368.692	0	100	7
42	CDK4	368.692	1	100	7
42	IFNG	368.692	0	100	7
42	PTEN	368.692	0	100	7
42	NBN	368.692	0	100	7
42	HLA-DRB1	368.692	0	100	7
42	RPN1	368.692	1	100	7
42	CTDSP2	2.569	0	1	1
42	DCTN2	6.126	1	2	1
43	BCR	281.199	0	75	5
43	FRS2	281.199	1	75	5
43	PTPRB	281.199	0	75	5
43	CDK4	281.199	1	75	5
43	CD3G	281.199	0	75	5
43	CCT2	17.780	1	5	1
43	MDM2	9.039	1	3	1
44	HLA-DRB1	11.745	0	4	1
45	ERBB2	299.868	0	74	1
45	PRKDC	3.082	0	1	1
46	ERBB2	159.016	0	42	2
46	PTEN	159.016	0	42	2
46	HLA-DRB1	25.044	0	7	1
46	PRKDC	13.385	0	4	1
47	MET	379.608	0	97	4
47	PIK3R1	379.608	0	97	4
47	PRKDC	379.608	0	97	4
47	TP53	379.608	1	97	4
48	CACNA1H	2.522	0	1	1
48	CDKN2A	2.626	0	1	1
48	ERBB2	122.440	0	35	1
49	CDKN2A	23.167	0	8	3
49	CDKN2B	23.167	0	8	3
49	MELK	23.167	1	8	3
49	KLHL9	2.505	0	1	1
49	PTEN	7.489	0	2	1
50	APOB	2.765	0	1	1
50	PCDH11Y	12.106	0	4	1
50	PIK3CD	323.398	1	88	2
50	TP53	323.398	1	88	2
50	PRKY	3.180	0	1	1
50	RALGDS	2.630	0	1	1
50	TRPV6	2.684	0	1	1
51	CCT6A	9.585	1	2	1
51	CDK4	480.514	1	143	5
51	PIK3CA	480.514	0	143	5
51	TP53	480.514	1	143	5
51	EGFR	480.514	1	143	5
51	GLI1	480.514	1	143	5
51	PHKG1	5.156	1	2	1
51	SEC61G	9.181	1	3	1
52	ATR	3.822	0	1	1
52	CDKN2A	541.107	0	148	4
52	GABRB2	541.107	0	148	4
52	HLA-DRB1	541.107	1	148	4
52	LRP2	541.107	0	148	4
52	MCM7	5.543	0	2	1
52	SEC61G	19.557	1	6	1
53	CDKN2A	329.252	0	90	3
53	EGFR	329.252	1	90	3
53	LRP1	329.252	0	90	3
53	KCNB2	5.539	0	2	1
53	PCDHB4	13.647	0	4	1
53	RYR2	29.418	1	9	1
54	CACNA1S	5.964	0	2	1
54	PCDH11Y	7.764	0	2	1
54	PRKY	10.572	0	3	1
54	PTEN	219.768	0	55	5
54	PTPN6	219.768	0	55	5
54	RIMS2	219.768	1	55	5
54	VCAN	219.768	1	55	5
54	ZAP70	219.768	0	55	5
54	RNF8	8.789	0	3	1
54	SMARCA2	12.843	0	4	1
55	CDH23	267.460	0	69	6
55	EGFR	267.460	1	69	6
55	PTEN	267.460	0	69	6
55	CTNNB1	267.460	0	69	6
55	HLA-DRB1	267.460	0	69	6
55	NFATC1	267.460	0	69	6
55	RYR2	31.771	1	10	1
55	ZNF274	2.947	0	1	1
56	COL1A2	5.364	0	2	1
56	HLA-DRB1	5.482	0	2	1
56	PCDH11Y	3.766	0	1	1
56	PLCG2	26.431	0	9	3
56	PRKY	26.431	0	9	3
56	RYR3	26.431	0	9	3
56	TGFBR1	2.503	0	1	1
57	CDKN2A	2.504	0	1	1
57	EGFR	77.652	1	23	1
57	ELAVL2	3.760	0	1	1
57	HLA-DRB1	9.653	0	3	1
58	ATN1	3.973	0	1	1
58	CD79B	25.340	0	8	1
58	KALRN	250.203	0	67	3
58	PIK3R1	250.203	0	67	3
58	TP53	250.203	0	67	3
58	PCDH11Y	8.605	0	3	1
59	CDK4	357.407	1	96	3
59	TP53	357.407	0	96	3
59	PIK3R1	357.407	0	96	3
59	GLI1	6.426	0	2	1
59	PCDHAC2	6.993	0	2	1
60	TP53	446.966	0	107	1
61	EGFR	71.849	1	22	1
61	NLRP12	3.587	0	1	1
61	PSMA5	3.528	0	1	1
62	CDKN2A	3.530	0	1	1
62	EGFR	161.423	1	48	3
62	PIK3R1	161.423	0	48	3
62	HLA-DRB1	161.423	0	48	3
62	PCDHA10	3.377	0	1	1
63	DOCK2	2.520	0	1	1
63	EGFR	191.287	0	43	2
63	LAMA5	191.287	0	43	2
63	KCNG1	5.356	0	2	1
63	PIK3C2G	4.793	0	1	1
63	SEC61G	5.673	1	2	1
64	CCT2	15.139	0	5	1
64	FRS2	98.377	0	28	2
64	PTEN	98.377	0	28	2
65	HLA-DRB1	834.278	1	207	1
66	KIFC3	8.727	0	2	1
66	RB1	14.652	0	4	1
66	SLC18A2	101.887	0	24	1
67	HLA-DRB1	97.828	0	28	1
68	COL6A2	17.232	0	5	3
68	ITGA4	17.232	0	5	3
68	EGFR	17.232	0	5	3
69	CDKN2A	5.671	0	2	1
69	EGFR	272.578	1	67	2
69	PIK3C2B	272.578	1	67	2
69	GRM5	7.472	0	2	1
69	PCDHA10	4.414	0	1	1
70	CDK4	23.438	1	7	2
70	CDKN2A	23.438	0	7	2
70	DCTN2	3.359	0	1	1
70	EGFR	218.473	1	54	3
70	LAMA2	218.473	1	54	3
70	PIK3C2G	218.473	0	54	3
70	GLI1	2.801	0	1	1
70	PCDHAC2	4.276	0	1	1
70	SCML2	2.819	0	1	1
70	TAP1	41.368	1	13	1
72	AKT1	280.341	1	67	4
72	KLHL9	280.341	0	67	4
72	EGFR	280.341	1	67	4
72	CDKN2A	280.341	0	67	4
72	HLA-DRB1	14.540	0	4	1
73	CD8A	12.560	0	4	1
73	CDK4	33.737	1	10	3
73	CDKN2A	33.737	0	10	3
73	NEK2	33.737	0	10	3
73	EGFR	210.538	1	50	1
73	PCDHGC5	9.022	0	2	1
74	ANK3	6.121	1	2	1
74	CDKN2A	292.789	0	77	6
74	CREBBP	292.789	0	77	6
74	EGFR	292.789	1	77	6
74	LRP1	292.789	0	77	6
74	PRKY	292.789	0	77	6
74	PIK3C2G	292.789	0	77	6
74	KLC2	18.525	0	5	1
74	PCDH11Y	6.827	0	2	1
75	CDKN2A	282.728	0	67	4
75	EGFR	282.728	0	67	4
75	PTEN	282.728	0	67	4
75	KIT	282.728	0	67	4
75	MYF5	14.208	0	4	1
75	PCDHGC5	14.453	0	3	1
75	PPP3CB	3.797	0	1	1
75	PRKCQ	2.625	0	1	1
75	SEC61G	7.989	1	3	1
76	CDKN2A	68.662	0	20	1
76	EGFR	204.796	0	54	1
76	TUBGCP5	2.503	0	1	1
77	EGFR	219.788	1	55	1
77	MDM4	101.333	1	30	2
77	PTEN	101.333	0	30	2
78	CDKN2A	228.433	0	63	4
78	CDKN2B	228.433	0	63	4
78	EGFR	228.433	1	63	4
78	LAMB1	228.433	0	63	4
78	PCDHGC5	4.122	0	1	1
79	COL4A5	115.945	0	32	4
79	PTEN	115.945	0	32	4
79	RASGRF1	115.945	0	32	4
79	PIK3CA	115.945	0	32	4
79	MYOD1	3.186	0	1	1
79	PCDH11Y	6.643	0	2	1
79	PRKY	5.481	0	2	1
81	COL4A1	84.783	1	24	2
81	PTEN	84.783	0	24	2
81	LRP8	18.469	0	6	1
81	PCDHAC2	2.658	0	1	1
81	RBBP4	3.039	0	1	1
81	SGOL2	3.568	0	1	1
82	ELAVL2	5.489	0	1	1
82	FAT2	12.964	0	4	1
82	GRB10	126.193	0	37	2
82	IL7	126.193	0	37	2
82	MED13	5.603	0	2	1
83	CDKN2A	177.675	0	50	4
83	COL6A3	177.675	0	50	4
83	PIK3CA	177.675	0	50	4
83	NOS3	177.675	0	50	4
84	BUB3	311.626	0	87	15
84	CDK4	311.626	1	87	15
84	ITGB1	311.626	0	87	15
84	ERBB3	311.626	0	87	15
84	LAMC3	311.626	0	87	15
84	LRP1	311.626	0	87	15
84	PTEN	311.626	0	87	15
84	RIMS2	311.626	1	87	15
84	CDKN2A	311.626	0	87	15
84	FAS	311.626	0	87	15
84	PIK3CG	311.626	0	87	15
84	FGFR2	311.626	0	87	15
84	FLT1	311.626	0	87	15
84	GRK5	311.626	0	87	15
84	EPC1	311.626	0	87	15
84	CDH23	4.052	0	1	1
84	DDIT3	9.011	1	2	1
84	KCNV2	5.078	0	2	1
84	PSIP1	5.394	0	2	1
85	CDC2	361.514	1	98	11
85	CDK4	361.514	1	98	11
85	EGFR	361.514	0	98	11
85	ITGA8	361.514	0	98	11
85	LAMA3	361.514	0	98	11
85	NOS3	361.514	0	98	11
85	PTEN	361.514	0	98	11
85	PLAU	361.514	0	98	11
85	EPC1	361.514	0	98	11
85	IFNG	361.514	0	98	11
85	KIT	361.514	0	98	11
85	GLI1	3.631	0	1	1
85	PCDHGC5	4.089	0	1	1
85	PNLIP	3.887	0	1	1
85	PPP3CB	3.205	0	1	1
86	PCDH11Y	25.045	0	7	1
86	PIK3CG	350.005	0	84	4
86	PRKY	350.005	0	84	4
86	PTEN	350.005	0	84	4
86	RB1	350.005	0	84	4
87	CDH17	10.508	0	3	1
87	CDK4	66.425	1	18	2
87	CDKN2A	66.425	0	18	2
88	CHP2	3.358	0	1	1
88	GNAT3	4.248	0	1	1
88	MET	294.459	0	81	4
88	TP53	294.459	0	81	4
88	PIK3CG	294.459	0	81	4
88	PTEN	294.459	0	81	4
88	PCDHGC5	4.159	0	1	1
89	CACNA1I	207.985	0	56	9
89	CDKN2A	207.985	0	56	9
89	MCM5	207.985	0	56	9
89	EP300	207.985	0	56	9
89	EGFR	207.985	1	56	9
89	LAMB4	207.985	0	56	9
89	PRKCB	207.985	0	56	9
89	STAT1	207.985	0	56	9
89	YWHAH	207.985	1	56	9
89	CELSR1	3.561	0	1	1
89	GRAP2	2.943	0	1	1
89	PPARA	6.247	0	2	1
90	CCT2	25.954	1	6	1
90	CNOT2	12.849	1	3	1
90	FRS2	169.414	1	41	5
90	PRKY	169.414	0	41	5
90	PTEN	169.414	0	41	5
90	IFNG	169.414	0	41	5
90	RAN	169.414	0	41	5
90	FZD10	2.809	0	1	1
90	MDM2	5.933	1	2	1
90	PCDH11Y	6.856	0	2	1
91	CDKN2A	145.049	0	40	5
91	RB1	145.049	0	40	5
91	KDR	145.049	0	40	5
91	PTEN	145.049	0	40	5
91	RIMS2	145.049	0	40	5
91	LRP2	3.678	0	1	1
91	PTPRB	64.558	0	17	1
91	RYR2	7.805	1	2	1
92	CACNA1H	373.971	0	95	3
92	HLA-DRB1	373.971	0	95	3
92	TP53	373.971	0	95	3
93	KCNV1	6.257	1	2	1
93	LAMA1	426.664	0	113	4
93	PIK3CG	426.664	0	113	4
93	PIK3R1	426.664	0	113	4
93	TP53	426.664	0	113	4
94	CDKN2A	304.055	0	76	6
94	GRIN2A	304.055	0	76	6
94	MAPK13	304.055	0	76	6
94	PLCG1	304.055	0	76	6
94	PTEN	304.055	0	76	6
94	KIT	304.055	0	76	6
94	PCM1	3.679	0	1	1
95	CNTN1	2.848	0	1	1
95	COL2A1	5.370	0	2	1
95	HDAC2	147.370	0	40	4
95	TP53	147.370	0	40	4
95	HLA-DRB1	147.370	0	40	4
95	PLCG1	147.370	0	40	4
96	TP53	201.349	0	59	1
97	CCT6A	7.187	1	2	1
97	CDKN2A	9.495	0	3	1
97	KLHL9	2.696	0	1	1
97	PTEN	3.524	0	1	1
98	PCDHGC5	8.259	0	2	1
98	PIK3C2B	3.536	0	1	1
98	PIK3CA	306.761	0	83	2
98	TP53	306.761	0	83	2
99	CDKN2A	69.523	0	21	1
99	COL1A2	133.589	0	38	2
99	EGFR	133.589	1	38	2
99	ELAVL2	3.434	0	1	1
99	GABBR2	29.072	1	8	1
99	KLHL9	3.217	0	1	1
99	PCDHGC5	3.957	0	1	1
100	ITGB4	260.532	0	66	6
100	PTEN	260.532	0	66	6
100	TP53	260.532	0	66	6
100	RB1	260.532	0	66	6
100	PDGFRA	260.532	0	66	6
100	RELN	260.532	1	66	6
101	APOB	8.103	0	2	1
101	CDKN2A	162.736	0	50	6
101	IL12RB2	162.736	0	50	6
101	PDGFRA	162.736	1	50	6
101	PTEN	162.736	0	50	6
101	PTK2B	162.736	0	50	6
101	RERE	162.736	0	50	6
101	ELAVL2	3.638	0	1	1
101	MSH6	10.908	0	3	1
101	PCDH11Y	3.506	0	1	1
101	PRKY	9.349	0	3	1
102	CDKN2A	235.187	0	63	3
102	EGFR	235.187	1	63	3
102	PTEN	235.187	0	63	3
102	CEP70	3.219	0	1	1
102	RERE	2.644	0	1	1
103	CDKN2A	12.427	0	4	1
103	COL11A2	7.981	0	3	1
103	PCDH11Y	8.808	0	3	1
103	PRKY	6.238	0	2	1
104	ACVR1B	6.803	0	2	1
104	CDK4	109.591	1	32	2
104	TP53	109.591	0	32	2
104	GRASP	26.514	0	7	1
104	KCNS3	2.865	0	1	1
104	KIT	2.657	0	1	1
105	EGFR	217.249	1	58	2
105	TP53	217.249	0	58	2
105	PCDHAC2	3.840	0	1	1
106	CCNF	72.819	0	22	2
106	TP53	72.819	0	22	2
106	PCDHGC5	5.575	0	2	1
106	TJP1	16.392	0	5	1
108	CDKN2A	183.330	0	49	4
108	TP53	183.330	0	49	4
108	KIT	183.330	1	49	4
108	PDGFRA	183.330	1	49	4
108	CELSR3	4.200	0	1	1
108	SRI	5.346	0	2	1
109	ELAVL2	5.501	0	1	1
109	FGFR3	489.603	0	122	6
109	PTEN	489.603	0	122	6
109	TP53	489.603	0	122	6
109	RIMS2	489.603	1	122	6
109	PIAS1	489.603	0	122	6
109	PCDH11Y	489.603	0	122	6
109	RELN	17.424	1	6	1
110	CDH18	6.574	1	2	1
110	EGFR	327.186	1	88	3
110	ITGA4	327.186	0	88	3
110	ZNF3	327.186	0	88	3
110	KCNB2	5.805	0	2	1
110	RASGRF1	2.808	0	1	1
110	SEC61G	6.219	1	2	1
111	CHEK1	51.765	0	16	1
111	COL1A2	170.860	0	45	2
111	DRD5	170.860	0	45	2
111	PCDHB6	3.966	0	1	1
112	CDKN2A	43.743	0	14	2
112	MCM4	43.743	0	14	2
112	PCDH11Y	6.339	0	2	1
112	PLCG1	67.892	0	18	1
113	BRCA1	6.227	0	2	1
113	CACNA1I	3.138	0	1	1
113	CDKN2A	259.091	0	70	5
113	EGFR	259.091	0	70	5
113	PLG	259.091	0	70	5
113	LAMA2	259.091	0	70	5
113	PTEN	259.091	0	70	5
113	PCDH15	9.520	0	3	1
113	RXRA	2.961	0	1	1
113	SLIT3	4.367	0	1	1
114	EGFR	316.026	0	76	1
114	KCNB2	5.842	0	2	1
115	CDK4	72.128	1	20	2
115	IFNG	72.128	0	20	2
115	COL14A1	45.049	0	13	1
115	DCTN2	2.860	0	1	1
115	GABRG2	22.019	1	6	1
115	GLI1	3.290	0	1	1
115	HLA-DRB1	5.439	0	2	1
115	MRE11A	2.773	0	1	1
115	PCDH11Y	5.796	0	2	1
115	PRKY	11.196	0	4	1
115	VEGFA	10.128	1	3	1
116	CCT6A	201.596	1	49	4
116	EGFR	201.596	1	49	4
116	PLCG1	201.596	0	49	4
116	TP53	201.596	0	49	4
116	COL1A2	16.272	0	5	2
116	FLNA	16.272	0	5	2
116	ELAVL2	4.507	0	1	1
116	PCDH11Y	3.919	0	1	1
116	PRKY	5.195	0	2	1
116	PTEN	3.217	0	1	1
117	CDKN2A	114.573	0	32	3
117	TP53	114.573	0	32	3
117	FGFR3	114.573	0	32	3
117	PCDH11Y	10.060	0	3	1
117	PRKY	46.682	0	12	1
117	RIMS2	40.190	0	10	1
118	EGFR	203.006	1	55	1
118	PCDHB13	9.869	0	3	1
119	ANAPC1	272.522	0	73	7
119	CDKN2A	272.522	0	73	7
119	CDKN2B	272.522	0	73	7
119	CDK5RAP2	272.522	0	73	7
119	EGFR	272.522	1	73	7
119	LAMA3	272.522	0	73	7
119	HLA-DRB1	272.522	0	73	7
119	CACNA1C	3.160	0	1	1
119	EEF1A1	4.957	0	1	1
119	PCDH15	4.102	0	1	1
119	SEC61G	6.661	1	2	1
120	CREBBP	2.503	0	1	1
120	EGFR	37.148	0	12	1
121	CDKN2A	2.605	0	1	1
121	EGFR	170.576	1	46	1
121	ELAVL2	2.747	0	1	1
121	GABRA5	29.639	0	7	1
121	PCDH11Y	3.685	0	1	1
121	SRPR	3.813	0	1	1
122	CDK4	273.028	1	72	4
122	PPP1CC	273.028	0	72	4
122	TP53	273.028	0	72	4
122	PTEN	273.028	0	72	4
122	CELSR3	3.273	0	1	1
122	IL12B	2.600	0	1	1
123	ATN1	354.722	0	99	7
123	EGFR	354.722	1	99	7
123	TP53	354.722	0	99	7
123	ITGA10	354.722	0	99	7
123	CLSPN	354.722	0	99	7
123	PXN	354.722	0	99	7
123	IFNG	354.722	0	99	7
123	PCDHAC2	4.148	0	1	1
124	ACTG2	203.814	0	54	4
124	COL6A1	203.814	0	54	4
124	ERBB2	203.814	0	54	4
124	PIK3R1	203.814	0	54	4
124	CDKN2A	5.999	0	2	1
124	ELAVL2	4.002	0	1	1
124	RUVBL2	2.651	0	1	1
125	CDKN2A	409.938	0	110	7
125	DOCK2	409.938	0	110	7
125	EGFR	409.938	1	110	7
125	LAMB4	409.938	0	110	7
125	PRKY	409.938	0	110	7
125	HSPG2	409.938	0	110	7
125	HLA-DRB1	409.938	0	110	7
125	PCDH11Y	7.267	0	2	1
125	SCML2	3.544	0	1	1
126	CDKN2A	304.740	0	78	4
126	CDKN2B	304.740	0	78	4
126	EGFR	304.740	0	78	4
126	PIK3CA	304.740	0	78	4
126	ELAVL1	5.586	1	2	1
126	FAT2	9.109	0	3	1
126	ITPR1	5.666	1	2	1
127	EGFR	368.063	0	89	4
127	PRKY	368.063	0	89	4
127	PTEN	368.063	0	89	4
127	PCDH11Y	368.063	0	89	4
127	SEC61G	5.702	1	2	1
128	CDKN2A	2.539	0	1	1
128	ELAVL2	3.579	0	1	1
128	HLA-DRB1	55.814	0	16	2
128	ITGB7	55.814	0	16	2
128	PTEN	2.823	0	1	1
128	RAB3GAP2	33.281	0	10	1
128	XIAP	5.836	0	2	1
129	HLF	25.599	1	7	1
129	LAMA3	222.740	0	59	4
129	RB1	222.740	0	59	4
129	LRP2	222.740	0	59	4
129	PTEN	222.740	0	59	4
129	PCDHAC2	9.613	0	3	1
129	PPARG	3.068	0	1	1
130	CACNA1H	2.725	0	1	1
130	CDH9	3.349	0	1	1
130	DDB1	98.377	0	31	1
130	EGFR	174.482	1	52	1
131	ACTB	532.457	0	154	3
131	COL1A2	532.457	1	154	3
131	EGFR	532.457	1	154	3
131	CDKN2A	91.306	0	28	1
132	CDK4	242.136	1	69	4
132	TP53	242.136	0	69	4
132	PTEN	242.136	0	69	4
132	SDC2	242.136	0	69	4
133	CDK4	339.320	1	93	7
133	MAPK1	339.320	0	93	7
133	TP53	339.320	0	93	7
133	PTEN	339.320	0	93	7
133	LRP2	339.320	0	93	7
133	KIT	339.320	0	93	7
133	HLA-DRB1	339.320	0	93	7
133	PCDH11X	3.885	0	1	1
134	CDKN2A	5.536	0	2	1
134	DNM1L	9.711	0	3	1
134	EGFR	114.041	0	34	2
134	HLA-DRB1	114.041	0	34	2
135	CBL	173.644	0	51	5
135	HCLS1	173.644	0	51	5
135	ITGAX	173.644	0	51	5
135	PIK3R1	173.644	0	51	5
135	PLCB1	173.644	0	51	5
135	PCDH11Y	8.842	0	3	1
135	PRKY	8.594	0	3	1
136	CDKN2A	356.496	0	107	5
136	TP53	356.496	1	107	5
136	VAV1	356.496	0	107	5
136	EGFR	356.496	1	107	5
136	COL14A1	356.496	0	107	5
136	ELAVL2	3.344	0	1	1
136	LRP2	9.366	0	2	1
137	CACNA1I	5.604	0	2	1
137	CDKN2A	58.903	0	19	1
137	EGFR	239.644	1	66	1
137	SVEP1	3.754	0	1	1
137	VASP	3.035	0	1	1
138	ANK1	3.064	0	1	1
138	CACNA1S	3.201	0	1	1
138	CCT2	7.350	0	2	1
138	CDKN2A	104.886	0	33	3
138	NUMA1	104.886	0	33	3
138	HLA-DRB1	104.886	0	33	3
138	EGFR	229.130	1	59	1
139	B2M	435.266	0	122	4
139	EGFR	435.266	1	122	4
139	PRKY	435.266	0	122	4
139	TP53	435.266	1	122	4
139	PCDH11Y	4.023	0	1	1
140	PCDH19	14.499	0	4	1
140	PRKX	400.896	0	98	2
140	TP53	400.896	1	98	2
141	CDK4	286.908	1	83	4
141	PIK3CA	286.908	0	83	4
141	TP53	286.908	0	83	4
141	HLA-DRB1	286.908	0	83	4
141	GLI1	9.305	1	3	1
142	TP53	290.666	1	83	2
142	VEGFA	290.666	1	83	2
143	ADCY9	12.990	0	4	1
143	IL32	5.936	1	2	1
143	NF1	2.824	0	1	1
144	CD1C	45.047	0	13	1
144	CDKN2A	66.409	0	21	3
144	RAF1	66.409	0	21	3
144	PTEN	66.409	0	21	3
145	ABL1	258.617	0	67	3
145	PTEN	258.617	0	67	3
145	PTPN11	258.617	0	67	3
145	CCL3L1	117.463	0	32	1
145	PCDHGC5	4.075	0	1	1
146	CDKN2A	435.971	0	118	3
146	EGFR	435.971	1	118	3
146	PIK3CA	435.971	0	118	3
146	PCDH11Y	6.825	0	2	1
146	PRKY	9.315	0	3	1
146	SEC61G	19.556	1	6	1
147	EGFR	339.218	1	89	4
147	PPARA	339.218	0	89	4
147	PRKY	339.218	0	89	4
147	HLA-DRB1	339.218	0	89	4
147	PCDH11Y	9.104	0	2	1
147	S100A8	12.173	1	4	1
147	SEC61G	10.678	1	3	1
148	AKT1	9.671	1	2	1
148	CDKN2A	15.377	0	5	1
148	ELAVL2	2.772	0	1	1
148	GABRA1	23.091	1	7	1
148	PCDH11Y	2.823	0	1	1
148	PRKY	3.077	0	1	1
148	TPX2	5.663	1	2	1
149	LRP1	266.617	0	71	3
149	TP53	266.617	0	71	3
149	PIK3CA	266.617	0	71	3
149	RYR3	5.904	1	2	1
150	AMPH	23.228	1	4	1
150	GABRB2	97.616	0	23	2
150	VAMP3	97.616	0	23	2
150	ITGB2	41.200	0	12	2
150	PTEN	41.200	0	12	2
150	PCDH19	6.219	0	2	1
151	ACTN1	448.095	0	127	4
151	CDK4	448.095	1	127	4
151	PSMB8	448.095	1	127	4
151	EGFR	448.095	1	127	4
151	HLA-DRB1	12.932	0	4	1
152	CSF2RB	598.767	0	169	4
152	DLG4	598.767	0	169	4
152	MLLT4	598.767	0	169	4
152	TP53	598.767	1	169	4
152	FGF18	3.419	0	1	1
152	HNRNPH3	19.971	0	6	1
152	PCDHGC5	7.033	0	2	1
153	ABL1	439.710	0	130	5
153	CDK4	439.710	1	130	5
153	CDKN2A	439.710	0	130	5
153	GLI1	439.710	1	130	5
153	MAP4K1	439.710	0	130	5
153	CACNA1S	6.582	0	2	1
153	DCTN2	2.559	0	1	1
154	CELSR1	5.300	0	2	1
154	GABRQ	72.558	0	17	1
154	NEK2	140.228	0	42	2
154	TP53	140.228	1	42	2
155	CDK4	35.324	1	12	1
155	EPS8	194.774	1	49	5
155	FRS2	194.774	0	49	5
155	GLI1	194.774	0	49	5
155	PTPRB	194.774	0	49	5
155	STAT6	194.774	0	49	5
156	APOB	98.187	0	25	1
156	ATRX	6.758	0	2	1
156	CDC27	81.339	0	24	3
156	PIK3CA	81.339	1	24	3
156	PRKCB	81.339	0	24	3
156	PCDHAC2	2.721	0	1	1
156	SLC26A8	16.839	0	6	1
157	CDKN2A	12.462	0	4	1
157	PCDH11Y	3.757	0	1	1
157	PIK3CG	129.486	0	38	2
157	PRKY	129.486	0	38	2
158	CDK4	322.988	1	82	4
158	TP53	322.988	0	82	4
158	FGFR1	322.988	0	82	4
158	PDGFRA	322.988	1	82	4
159	CCT6A	11.729	1	3	1
159	CDKN2A	9.348	0	3	1
159	EGFR	245.892	1	63	2
159	PLG	245.892	0	63	2
159	MAP3K4	5.505	0	2	1
159	PHKG1	7.415	1	2	1
160	NGF	56.079	0	15	1
161	HLA-DRB1	283.560	1	81	2
161	PTEN	283.560	0	81	2
162	CDKN2A	45.318	0	14	1
162	CEP135	7.698	1	2	1
162	IGFBP7	71.305	1	20	3
162	KIT	71.305	0	20	3
162	PDGFRA	71.305	1	20	3
163	CDKN2A	5.684	0	2	1
163	PTEN	9.434	0	3	1
164	EGFR	105.744	1	30	1
165	PCDH11Y	8.746	0	3	1
165	PIK3R1	179.733	0	45	2
165	RB1	179.733	0	45	2
166	TP53	33.267	0	9	1
167	EGFR	216.984	1	61	2
167	PTEN	216.984	0	61	2
168	HLA-DRB1	328.738	0	84	4
168	PIK3CA	328.738	1	84	4
168	TP53	328.738	0	84	4
168	RFC4	328.738	1	84	4
169	ANK2	189.304	0	44	2
169	SPN	189.304	0	44	2
169	CDKN2A	50.795	0	16	1
169	SDCCAG8	3.071	0	1	1
170	CCT6A	23.836	1	7	1
170	CDKN2A	3.035	0	1	1
170	EGFR	183.553	1	46	1
171	APEX2	2.981	0	1	1
171	HLA-DRB1	85.424	1	25	1
172	CDKN2A	110.321	0	33	4
172	PIK3C2B	110.321	0	33	4
172	CDKN2B	110.321	0	33	4
172	CNTN2	110.321	0	33	4
173	AKAP9	4.240	0	1	1
173	DBF4	10.692	1	4	1
173	GNAT3	167.312	0	37	4
173	ITGB8	167.312	0	37	4
173	PTK2B	167.312	0	37	4
173	MET	167.312	0	37	4
173	TES	2.639	0	1	1
174	CTBP1	3.143	0	1	1
174	PTEN	111.140	0	32	2
174	TP53	111.140	0	32	2
175	PCDH11Y	10.020	0	3	1
175	PRKY	336.229	0	85	2
175	TP53	336.229	0	85	2
176	CDKN2A	244.990	0	62	4
176	PIK3C2G	244.990	0	62	4
176	CDKN2B	244.990	0	62	4
176	PIK3CA	244.990	0	62	4
176	SEC61G	6.139	1	2	1
177	DCTN2	2.841	0	1	1
177	EGFR	187.542	0	49	1
177	GLI1	3.273	0	1	1
177	PTEN	3.018	0	1	1
178	EGFR	158.796	1	45	2
178	FAS	158.796	0	45	2
178	IKZF1	86.426	0	26	1
178	P2RX2	3.090	0	1	1
179	FOXO3	2.761	0	1	1
179	PTEN	184.783	0	51	2
179	TP53	184.783	0	51	2
180	CSNK2B	3.453	0	1	1
180	EGFR	190.531	0	55	1
180	HGF	21.001	0	6	1
181	DCTN2	3.128	0	1	1
181	EGFR	174.877	0	42	3
181	HSPG2	174.877	0	42	3
181	LAMC3	174.877	0	42	3
181	MDM2	79.191	1	22	1
181	MMP12	3.159	0	1	1
182	CDK4	136.197	1	37	2
182	TP53	136.197	0	37	2
182	HLA-DRB1	2.583	0	1	1
183	COL1A1	386.412	0	101	4
183	EGFR	386.412	1	101	4
183	TP53	386.412	0	101	4
183	MCM6	386.412	0	101	4
183	PCDHB2	14.750	0	4	1
183	SEC61G	6.641	1	2	1
184	CDKN2A	2.561	0	1	1
184	ELAVL2	3.812	0	1	1
184	PTEN	11.645	0	3	1
185	CBLB	341.595	0	89	6
185	PIK3R1	341.595	0	89	6
185	PRKY	341.595	0	89	6
185	CDKN2A	341.595	0	89	6
185	FGF13	341.595	1	89	6
185	NOTCH2	341.595	0	89	6
185	PCDH11Y	4.275	0	1	1
185	SEC61G	6.527	1	2	1
186	BARD1	26.132	0	9	2
186	CDKN2A	26.132	0	9	2
186	CSF2RB	2.672	0	1	1
186	FLNA	39.622	0	8	1
186	GRID2	104.580	0	23	1
186	PCDHGC5	7.362	0	2	1
186	PTEN	3.152	0	1	1
187	ATR	243.570	0	70	6
187	CDKN2A	243.570	0	70	6
187	PIK3C2B	243.570	0	70	6
187	PIK3CA	243.570	0	70	6
187	NKX3-2	243.570	0	70	6
187	FLT1	243.570	0	70	6
188	FLNB	6.778	0	2	1
188	GNAO1	152.055	0	43	4
188	MAP2K3	152.055	0	43	4
188	NGF	152.055	0	43	4
188	PTEN	152.055	0	43	4
189	BLM	287.815	1	83	8
189	BSG	287.815	0	83	8
189	CALM1	287.815	0	83	8
189	EGFR	287.815	0	83	8
189	CDKN2A	287.815	0	83	8
189	DMD	287.815	0	83	8
189	DNMT1	287.815	0	83	8
189	RYR2	287.815	0	83	8
189	KLHL9	3.313	0	1	1
189	PCDHGC5	3.425	0	1	1
190	ADAM12	333.981	0	88	8
190	BUB3	333.981	0	88	8
190	CDKN2A	333.981	0	88	8
190	ERG	333.981	0	88	8
190	EGFR	333.981	1	88	8
190	FLNA	333.981	0	88	8
190	PLAU	333.981	0	88	8
190	ETS2	333.981	0	88	8
190	PNLIP	3.441	0	1	1
190	PPP3CB	3.464	0	1	1
190	SEC61G	13.655	1	4	1
190	SVEP1	6.583	0	2	1
191	BUB3	291.447	0	76	5
191	MELK	291.447	1	76	5
191	RPA2	291.447	0	76	5
191	EGFR	291.447	1	76	5
191	PRKY	291.447	0	76	5
191	PCDH11Y	8.327	0	2	1
191	RYR2	5.606	1	2	1
192	CCT6A	591.714	0	159	14
192	CDK6	591.714	0	159	14
192	CDKN2A	591.714	0	159	14
192	EGFR	591.714	1	159	14
192	HNRNPA2B1	591.714	0	159	14
192	NOS3	591.714	0	159	14
192	PSMA2	591.714	0	159	14
192	STK17A	591.714	1	159	14
192	ITGB8	591.714	1	159	14
192	LAMB4	591.714	0	159	14
192	VAV1	591.714	0	159	14
192	PIK3CG	591.714	0	159	14
192	COL1A2	591.714	0	159	14
192	RELN	591.714	1	159	14
192	GPC2	3.099	0	1	1
192	HOXA2	6.220	0	2	1
192	IGFBP3	17.388	1	4	1
192	PCDHA10	7.697	0	2	1
192	SRI	3.200	0	1	1
193	CDKN2A	60.837	0	18	1
193	COL4A5	192.527	0	48	6
193	FN1	192.527	0	48	6
193	ITGB7	192.527	0	48	6
193	DRD5	192.527	0	48	6
193	MXD1	192.527	0	48	6
193	STAT3	192.527	0	48	6
194	CDKN2A	11.247	0	4	2
194	CDKN2B	11.247	0	4	2
194	ITGAX	142.035	0	36	3
194	ITPR1	142.035	0	36	3
194	NID1	142.035	0	36	3
194	KLHL9	2.537	0	1	1
194	PCDHGC5	3.605	0	1	1
194	SHB	3.741	0	1	1
195	CDH22	6.667	0	2	1
195	CDKN2A	15.283	0	5	1
195	F9	35.294	0	10	1
195	FBLN1	50.701	0	13	1
195	KLHL9	4.024	0	1	1
195	PIK3CA	143.902	0	35	1
196	ASPM	2.547	0	1	1
196	IGF1R	344.097	0	86	4
196	LAMA1	344.097	0	86	4
196	PTEN	344.097	0	86	4
196	MED13	344.097	0	86	4
197	CDKN2A	275.341	0	73	3
197	EGFR	275.341	1	73	3
197	LAMB3	275.341	0	73	3
197	EEF1A1	2.546	0	1	1
198	CDKN2A	82.521	0	25	1
198	DCHS1	6.476	0	2	1
198	ELAVL2	2.589	0	1	1
198	RYR2	66.207	1	17	1
198	TYK2	2.707	0	1	1
198	VCAN	48.639	0	14	1
199	AKT1	378.802	0	100	5
199	EGFR	378.802	1	100	5
199	HLA-DRB1	378.802	0	100	5
199	SYNJ1	378.802	0	100	5
199	PCDHB4	378.802	0	100	5
199	CACNA1H	3.136	0	1	1
199	CHL1	5.715	1	2	1
199	CIT	8.323	1	3	1
200	CDKN2A	349.886	0	97	4
200	PIK3R1	349.886	0	97	4
200	EGFR	349.886	1	97	4
200	LAMB1	349.886	0	97	4
200	GRIN2A	2.940	0	1	1
200	PCDHA10	4.090	0	1	1
200	RBMX	5.589	0	1	1
201	DRD5	15.258	0	4	1
201	EGFR	160.621	0	47	3
201	LAMB4	160.621	0	47	3
201	TP53	160.621	0	47	3
201	PCDHB5	2.935	0	1	1
202	ACAN	314.974	0	85	4
202	CDKN2A	314.974	0	85	4
202	TP53	314.974	0	85	4
202	NOS3	314.974	0	85	4
202	CCT6A	20.233	1	6	1
202	KCNH1	6.747	0	2	1
202	SEC61G	6.374	1	2	1
203	HLA-DRB1	8.790	0	2	1
203	MAPK8	483.580	0	117	6
203	MAPK8IP1	483.580	0	117	6
203	PRKACG	483.580	0	117	6
203	PTBP1	483.580	1	117	6
203	RASA1	483.580	0	117	6
203	TP53	483.580	0	117	6
203	PCDH15	19.397	0	5	1
204	CACNA1S	3.257	0	1	1
204	EGFR	325.978	0	83	3
204	TP53	325.978	0	83	3
204	PTEN	325.978	0	83	3
204	FAT2	13.529	0	4	1
204	HMHA1	28.206	0	9	1
204	TLE2	2.870	0	1	1
205	EGFR	129.351	0	40	3
205	TP53	129.351	0	40	3
205	PIK3R1	129.351	0	40	3
206	APPL2	3.798	0	1	1
206	CDK6	9.965	0	3	2
206	CDKN2A	9.965	0	3	2
206	COL1A2	305.745	0	77	3
206	EGFR	305.745	1	77	3
206	PPIA	305.745	0	77	3
206	IKZF1	3.232	0	1	1
207	CACNA1G	5.367	0	2	1
207	FAS	94.194	0	22	1
207	HLA-DRB1	2.780	0	1	1
207	NUMA1	184.253	0	50	2
207	TP53	184.253	0	50	2
207	PCDHGC5	7.036	0	2	1
208	CDKN2A	12.478	0	4	1
208	CNTNAP1	6.041	1	2	1
208	EGFR	239.887	1	58	3
208	GRB2	239.887	0	58	3
208	NCF1	239.887	0	58	3
208	PCDHB6	9.619	0	3	1
208	SEC61G	6.776	1	2	1
208	TUBA4B	29.390	0	8	1
209	CDKN2A	15.105	0	5	1
209	EGFR	224.847	1	63	1
209	ELAVL2	2.940	0	1	1
209	KCNH1	6.508	0	2	1
209	PIP5K1C	5.204	0	2	1
209	RAD50	3.196	0	1	1
210	ANAPC7	145.458	0	38	6
210	PRKCG	145.458	0	38	6
210	PRKY	145.458	0	38	6
210	PTPN11	145.458	0	38	6
210	SGOL2	145.458	0	38	6
210	CD3G	145.458	0	38	6
210	EZR	2.903	0	1	1
210	FLNA	26.759	0	6	1
210	IKZF3	3.169	0	1	1
210	PCDH11Y	6.698	0	2	1
210	SLIT3	3.226	0	1	1
210	WEE2	5.230	0	2	1
211	CDKN2A	246.028	0	70	3
211	TP53	246.028	1	70	3
211	HSPG2	246.028	0	70	3
211	VAMP7	57.062	0	13	1
212	CCT6A	22.577	1	6	1
212	CDKN2A	259.733	0	69	6
212	COL1A2	259.733	0	69	6
212	EGFR	259.733	1	69	6
212	ITGB2	259.733	0	69	6
212	PIK3CA	259.733	0	69	6
212	PRKY	259.733	0	69	6
212	CHL1	3.538	0	1	1
212	HLA-DRB1	7.260	0	2	1
212	PCDH11Y	3.835	0	1	1
212	PHKG1	6.163	1	2	1
213	PIK3R1	264.913	0	73	2
213	TP53	264.913	1	73	2
214	KIT	7.431	1	2	1
214	TP53	92.520	0	26	1
215	BTRC	2.851	0	1	1
215	CDKN2A	5.885	0	2	1
215	F9	32.284	0	9	1
215	LRP2	3.249	0	1	1
215	PCDH11Y	3.418	0	1	1
215	PRKY	3.040	0	1	1
215	SEC61G	7.049	1	2	1
215	SYT1	21.112	1	5	1
216	CACNA1E	3.284	0	1	1
216	CCT6A	11.740	1	3	1
216	CDKN2A	6.800	0	2	1
216	CTNNA2	300.184	1	80	3
216	EGFR	300.184	1	80	3
216	PTPRC	300.184	1	80	3
216	PTEN	2.743	0	1	1
217	CCT6A	13.610	1	4	1
217	CDKN2A	296.020	0	82	4
217	EGFR	296.020	1	82	4
217	LAMA4	296.020	0	82	4
217	PIK3CA	296.020	1	82	4
217	PCDHGC5	4.056	0	1	1
217	PHKG1	6.556	1	2	1
217	PRKY	6.487	0	2	1
218	KIT	277.255	0	69	4
218	PDGFRA	277.255	1	69	4
218	LAMC3	277.255	0	69	4
218	TP53	277.255	1	69	4
218	PCDHA8	9.997	0	3	1
218	RYR2	24.697	1	8	1
219	AKAP9	505.043	0	126	9
219	E2F4	505.043	0	126	9
219	EGFR	505.043	1	126	9
219	ESR1	505.043	0	126	9
219	HSPG2	505.043	0	126	9
219	ITGB1	505.043	0	126	9
219	MMP7	505.043	0	126	9
219	IKZF3	505.043	0	126	9
219	CDH23	505.043	0	126	9
219	TCF12	9.184	0	3	1
220	CDKN2A	346.840	0	101	4
220	COL1A2	346.840	1	101	4
220	EGFR	346.840	0	101	4
220	S100A4	346.840	0	101	4
220	EZH2	7.318	1	2	1
220	IFI16	9.323	1	3	1
220	IKBKE	3.414	0	1	1
220	KLHL9	3.110	0	1	1
220	PCDHAC2	6.698	0	2	1
220	RASSF5	21.175	0	7	1
220	S100A8	5.519	1	2	1
220	SNAPIN	24.574	0	7	1
220	ZNF212	2.668	0	1	1
221	CDKN2A	5.573	0	2	1
221	EGFR	169.149	1	48	2
221	LAMA1	169.149	0	48	2
221	GABRA6	19.771	0	5	1
221	LRP2	4.885	0	1	1
221	MAP3K4	2.797	0	1	1
221	PCDHGC5	6.344	0	2	1
222	CACNA1H	3.085	0	1	1
222	INSR	416.091	0	108	3
222	PRKY	416.091	0	108	3
222	TP53	416.091	0	108	3
222	MLLT4	3.251	0	1	1
222	PCDH11Y	7.166	0	2	1
223	CDC2	356.177	1	98	7
223	CDK4	356.177	1	98	7
223	ITGB1	356.177	0	98	7
223	EGFR	356.177	1	98	7
223	LAMC1	356.177	0	98	7
223	LRP1	356.177	0	98	7
223	IFNG	356.177	0	98	7
223	CDH23	3.053	0	1	1
223	GLI1	6.405	0	2	1
223	HOXC8	9.930	0	3	1
223	PPP3CB	2.818	0	1	1
223	SLC18A2	14.071	0	4	1
224	CDH5	411.111	0	113	4
224	EGFR	411.111	0	113	4
224	TP53	411.111	0	113	4
224	PTEN	411.111	0	113	4
224	PDLIM5	5.404	1	2	1
225	CDKN2A	346.886	0	99	3
225	PIK3R1	346.886	0	99	3
225	PSIP1	346.886	0	99	3
225	ELAVL2	2.827	0	1	1
225	GLIS3	2.863	0	1	1
225	MVP	6.050	1	2	1
225	PCDH11Y	3.311	0	1	1
225	PRKY	2.681	0	1	1
225	SSRP1	6.255	0	1	1
225	VLDLR	4.062	0	1	1
226	CDC23	228.121	0	62	8
226	IFI16	228.121	1	62	8
226	PLAT	228.121	1	62	8
226	HLA-DRB1	228.121	0	62	8
226	ITGA1	228.121	0	62	8
226	LAMB4	228.121	0	62	8
226	PDGFRA	228.121	0	62	8
226	SRC	228.121	0	62	8
226	CEP70	2.574	0	1	1
226	GABRB3	26.862	0	5	1
226	PCDHAC2	6.884	0	2	1
226	SEC61G	9.512	1	3	1
227	DNAH9	149.959	0	39	2
227	SH3GL3	149.959	1	39	2
227	ERCC6L	35.395	0	12	2
227	MCM3	35.395	0	12	2
227	F8	2.515	0	1	1
227	KIR3DL2	32.073	0	11	1
227	NCL	15.094	0	5	1
228	CDKN2A	457.055	0	111	4
228	PIK3CA	457.055	0	111	4
228	PIK3R1	457.055	0	111	4
228	RERE	457.055	0	111	4
229	CDKN2A	387.290	0	117	4
229	EGFR	387.290	1	117	4
229	SDC1	387.290	0	117	4
229	DMD	387.290	0	117	4
230	ADCY8	285.202	1	70	3
230	PIK3R1	285.202	0	70	3
230	CD3E	285.202	0	70	3
230	CDKN2A	92.684	0	29	1
230	PCDHGC5	6.700	0	2	1
231	CDKN2A	780.286	0	210	3
231	EGFR	780.286	1	210	3
231	PTEN	780.286	0	210	3
231	ELAVL2	4.207	0	1	1
231	PCDHGC5	6.593	0	2	1
231	RYR3	28.335	1	9	1
232	CCT6A	16.556	1	5	1
232	CDKN2A	568.770	0	156	6
232	EGFR	568.770	1	156	6
232	LAMB3	568.770	0	156	6
232	PIK3CA	568.770	0	156	6
232	VAV1	568.770	0	156	6
232	SREBF1	568.770	0	156	6
232	PCDHAC2	3.923	0	1	1
232	SEC61G	21.077	1	7	1
233	FRYL	13.081	0	4	1
233	IKZF1	8.529	0	3	1
233	PCDH11Y	6.190	0	2	1
233	PRKY	8.968	0	3	1
233	PTEN	203.006	0	51	1
233	TBL1Y	5.547	0	2	1
234	DNAH9	117.003	0	32	3
234	TGFBI	117.003	1	32	3
234	PIK3R1	117.003	0	32	3
234	HLA-DRB1	5.739	0	2	1
235	ACTN1	339.523	0	94	7
235	EGFR	339.523	1	94	7
235	ITGAM	339.523	0	94	7
235	LRP2	339.523	0	94	7
235	CDKN2A	339.523	0	94	7
235	CDKN2B	339.523	0	94	7
235	HLA-DRB1	339.523	0	94	7
235	CACNA1B	3.117	0	1	1
235	KLHL9	2.732	0	1	1
235	PCDHAC2	3.979	0	1	1
235	RELN	5.879	1	2	1
236	CDK4	501.914	1	147	4
236	EGF	501.914	0	147	4
236	FLI1	501.914	0	147	4
236	NOS3	501.914	0	147	4
236	LILRB3	6.655	0	2	1
236	PCDH19	2.806	0	1	1
237	CACNA1B	3.167	0	1	1
237	CDKN2A	24.159	0	8	1
237	EGFR	299.540	1	78	2
237	HLA-DRB1	299.540	0	78	2
237	ELAVL2	4.252	0	1	1
237	PCDHAC2	6.746	0	2	1
237	RECQL5	7.086	0	2	1
238	PTPN6	67.441	0	20	3
238	SP1	67.441	0	20	3
238	TP53	67.441	0	20	3
238	VAMP1	11.058	0	3	1
239	ANK1	3.910	0	1	1
239	CCT6A	7.291	1	2	1
239	DCHS2	3.908	0	1	1
239	EGFR	362.915	1	94	3
239	HDAC2	362.915	0	94	3
239	RB1	362.915	0	94	3
240	HLA-DRB1	228.120	0	61	6
240	ITGAX	228.120	0	61	6
240	PIK3CG	228.120	0	61	6
240	TP53	228.120	1	61	6
240	MCM3	228.120	0	61	6
240	PRKCD	228.120	0	61	6
240	IKZF1	2.688	0	1	1
240	PCDHGC5	5.117	0	2	1
240	RYR3	19.795	1	6	1
241	CDKN2A	58.256	0	16	1
241	ITGA10	45.425	0	13	2
241	PDGFRA	45.425	1	13	2
241	KIF15	6.873	1	2	1
241	ROCK2	85.338	0	20	1
241	TYK2	2.647	0	1	1
242	ADCY5	3.064	0	1	1
242	CDK4	239.088	1	62	5
242	PIK3R1	239.088	1	62	5
242	ITGAM	239.088	0	62	5
242	PTPRB	239.088	0	62	5
242	KIT	239.088	0	62	5
242	CEP135	7.340	1	2	1
243	CDH15	468.163	0	114	5
243	EPC1	468.163	0	114	5
243	PIK3CA	468.163	0	114	5
243	TP53	468.163	0	114	5
243	PRKX	468.163	0	114	5
244	CDH18	485.715	1	115	5
244	CDKN2A	485.715	0	115	5
244	POLR2A	485.715	0	115	5
244	EGFR	485.715	0	115	5
244	TJP3	485.715	0	115	5
244	ELAVL2	5.685	0	1	1
245	KIT	173.712	0	48	3
245	SOS1	173.712	0	48	3
245	TP53	173.712	0	48	3
245	LRP2	3.625	0	1	1
245	MYLK	8.505	0	2	1
245	PCDH11Y	15.268	0	5	1
245	PRKY	11.133	0	4	1
246	APOB	4.607	0	1	1
246	CDKN2A	63.129	0	20	2
246	PTPRM	63.129	0	20	2
246	COL14A1	241.110	0	61	2
246	EGFR	241.110	1	61	2
246	FAT2	6.777	0	2	1
246	KCNS3	6.650	0	2	1
246	SEC61G	15.955	1	5	1
247	DBNL	6.645	0	2	1
247	EGFR	311.430	0	80	5
247	NFKBIA	311.430	0	80	5
247	HOXA9	311.430	0	80	5
247	PPIA	311.430	0	80	5
247	PSMA2	311.430	0	80	5
248	CACNA1H	2.995	0	1	1
248	CDKN2A	50.981	0	16	1
248	DCHS1	3.758	0	1	1
248	DNAH9	5.663	0	2	1
248	EGFR	183.753	1	45	2
248	JUP	183.753	0	45	2
248	KLHL9	2.706	0	1	1
248	NXF1	5.031	0	1	1
249	CACNA1E	3.133	0	1	1
249	CDKN2A	2.685	0	1	1
249	COL6A2	132.457	0	35	3
249	DNMBP	132.457	0	35	3
249	PTEN	132.457	0	35	3
249	ELAVL2	4.155	0	1	1
249	PCDH15	12.732	0	4	1
250	CALML5	16.508	0	5	1
250	CDK4	320.225	1	83	4
250	TP53	320.225	0	83	4
250	LAMB3	320.225	0	83	4
250	PIK3CG	320.225	0	83	4
251	CDH9	2.732	0	1	1
251	CDKN2A	144.861	0	44	4
251	TP53	144.861	0	44	4
251	EGFR	144.861	1	44	4
251	LAMC3	144.861	0	44	4
251	DNAH9	6.065	0	2	1
251	F8	2.885	0	1	1
252	CCT6A	10.566	1	3	1
252	CDKN2A	73.952	0	22	1
252	EGFR	204.635	0	61	2
252	HLA-DQB1	204.635	1	61	2
252	PCDHGC5	3.454	0	1	1
252	SEC61G	6.236	1	2	1
253	ANK1	3.013	0	1	1
253	CDK4	410.965	1	117	6
253	TP53	410.965	0	117	6
253	EGFR	410.965	1	117	6
253	PIK3CA	410.965	0	117	6
253	PTEN	410.965	0	117	6
253	GLI1	410.965	1	117	6
253	ZNF212	2.766	0	1	1
254	CDK4	17.334	1	5	1
254	EGFR	64.235	1	20	1
254	SEC61G	9.041	1	3	1
255	BRSK1	424.823	0	125	4
255	HLA-DRB1	424.823	1	125	4
255	TP53	424.823	0	125	4
255	PTEN	424.823	0	125	4
255	TRPV6	5.804	0	2	1
256	CDKN2A	306.331	0	83	4
256	TP53	306.331	0	83	4
256	TSC2	306.331	0	83	4
256	LAMA2	306.331	0	83	4
256	PCDH11Y	10.150	0	3	1
256	PRKY	3.482	0	1	1
256	VLDLR	3.684	0	1	1
257	CDKN2A	116.843	0	32	1
257	EGFR	227.736	0	60	3
257	LAMC3	227.736	0	60	3
257	MEF2D	227.736	0	60	3
257	KLHL9	3.649	0	1	1
257	NAP1L1	14.412	0	5	1
257	PCDH11Y	6.670	0	2	1
257	PRKY	3.910	0	1	1
257	TUBG1	2.763	0	1	1
258	AMHR2	265.807	0	77	2
258	PTEN	265.807	0	77	2
258	CACNA1H	2.748	0	1	1
258	ELAVL2	2.899	0	1	1
258	PCDHB13	6.760	0	2	1
259	CDK4	265.872	1	67	3
259	EGFR	265.872	1	67	3
259	PTEN	265.872	0	67	3
259	CELSR2	6.958	0	2	1
259	SEC61G	13.733	1	4	1
260	ANK1	2.673	0	1	1
260	EGR1	247.677	0	67	2
260	PIK3CA	247.677	0	67	2
260	MCM6	2.552	0	1	1
261	ATM	347.181	0	94	5
261	CDKN2A	347.181	0	94	5
261	EGFR	347.181	1	94	5
261	PRKY	347.181	0	94	5
261	WT1	347.181	0	94	5
261	PCDH11Y	9.552	0	3	1
262	CDKN2A	271.420	0	83	3
262	CDKN2B	271.420	0	83	3
262	EGFR	271.420	1	83	3
262	LIPG	7.937	1	2	1
262	PHKG1	9.234	1	3	1
262	RYR3	16.713	1	6	1
263	ANK2	632.098	0	177	4
263	ITGA4	632.098	0	177	4
263	LRP2	632.098	0	177	4
263	TP53	632.098	0	177	4
263	PCDH11Y	6.911	0	2	1
263	PRKY	11.760	0	4	1
263	SEC61G	15.333	1	5	1
264	DNAH9	116.218	0	32	2
264	ITGB3	116.218	0	32	2
265	CDH18	9.887	1	3	1
265	CDKN2A	5.763	0	2	1
265	ELAVL2	3.665	0	1	1
265	FBLN2	192.517	0	55	3
265	PTEN	192.517	0	55	3
265	NUMA1	192.517	0	55	3
265	KLHL9	2.860	0	1	1
265	RYR3	3.150	0	1	1
266	ERG	213.358	0	59	2
266	TP53	213.358	0	59	2
266	FAT2	10.192	0	3	1
266	KIT	8.541	1	3	1
266	LILRB3	15.959	0	5	1
268	CCT6A	20.917	1	5	1
268	EGFR	330.716	0	84	3
268	PIK3R1	330.716	0	84	3
268	SMAD4	330.716	0	84	3
268	FAT2	7.256	0	2	1
268	PHKG1	8.059	1	2	1
268	POLA1	2.817	0	1	1
269	CCT6A	9.903	1	3	1
269	CDKN2A	80.003	0	25	2
269	PPP3CC	80.003	0	25	2
269	EGFR	124.850	1	37	1
269	KLHL9	2.883	0	1	1
269	SEC61G	11.476	1	4	1
270	CDKN2A	9.583	0	3	1
270	DACH1	35.761	0	10	1
270	GNAT3	3.459	0	1	1
270	PIK3R5	2.568	0	1	1
270	RYR1	8.757	0	3	1
271	CDK4	533.650	1	127	5
271	EGFR	533.650	0	127	5
271	TP53	533.650	0	127	5
271	SMARCA4	533.650	0	127	5
271	KIF5A	533.650	1	127	5
271	MACF1	3.385	0	1	1
271	PCDHGC5	26.803	0	6	1
272	ADCYAP1R1	604.496	0	148	12
272	CDKN2A	604.496	1	148	12
272	PSMA2	604.496	0	148	12
272	EGFR	604.496	0	148	12
272	GLI3	604.496	0	148	12
272	GRIN2A	604.496	0	148	12
272	HOXA9	604.496	0	148	12
272	PRKY	604.496	0	148	12
272	IKZF1	604.496	0	148	12
272	MORF4L1	604.496	0	148	12
272	TBL1Y	604.496	0	148	12
272	PCDH11Y	604.496	0	148	12
272	AQP1	3.922	0	1	1
272	ATN1	19.811	0	4	1
272	ELAVL2	3.685	0	1	1
272	IGFBP3	5.701	1	2	1
272	NOD1	3.191	0	1	1
273	CDKN2A	556.247	1	136	8
273	COL1A2	556.247	1	136	8
273	EGFR	556.247	0	136	8
273	PTEN	556.247	0	136	8
273	LAMA1	556.247	0	136	8
273	FCER1A	556.247	0	136	8
273	HLA-DRB1	556.247	0	136	8
273	PCDHGC5	556.247	0	136	8
273	FOXG1	22.841	1	7	1
274	CDH15	512.669	0	126	7
274	EGFR	512.669	0	126	7
274	GRIN2A	512.669	0	126	7
274	LAMA5	512.669	0	126	7
274	LRP1	512.669	0	126	7
274	SGOL1	512.669	0	126	7
274	TFAP2B	512.669	0	126	7
274	MACF1	2.936	0	1	1
274	MAPKAPK3	14.830	0	4	1
275	AKT3	438.492	0	110	4
275	CDK4	438.492	1	110	4
275	EGFR	438.492	0	110	4
275	PRKY	438.492	0	110	4
275	PCDH11Y	16.568	0	4	1
276	CDH23	474.077	0	106	5
276	CDKN2A	474.077	0	106	5
276	FAS	474.077	0	106	5
276	PTEN	474.077	0	106	5
276	SFN	474.077	1	106	5
277	PCDH11Y	27.526	0	6	1
277	PRKY	460.253	0	108	4
277	PSMD4	460.253	0	108	4
277	PTEN	460.253	0	108	4
277	TP53	460.253	0	108	4
278	CDKN2A	514.518	0	115	3
278	PRKY	514.518	0	115	3
278	PCDH11Y	514.518	0	115	3
278	EPHA1	26.962	0	9	1
278	MEN1	2.630	0	1	1
279	AHR	2.713	0	1	1
279	AKAP9	3.384	0	1	1
279	GLI2	5.450	0	2	1
279	JAK1	167.599	0	39	3
279	RELN	167.599	1	39	3
279	RERE	167.599	0	39	3
279	PCDHAC2	9.257	0	2	1
279	RRM2	6.963	1	2	1
280	AKAP9	2.546	0	1	1
280	CDKN2A	40.633	0	12	3
280	LYN	40.633	0	12	3
280	SMC1A	40.633	0	12	3
280	RELN	9.552	1	3	1
281	GNG12	434.197	1	113	5
281	LAMA1	434.197	0	113	5
281	LRP2	434.197	0	113	5
281	PIK3CA	434.197	1	113	5
281	TARDBP	434.197	0	113	5
281	PCDHAC2	12.204	0	4	1
282	ASPM	284.125	1	84	5
282	EGFR	284.125	1	84	5
282	TP53	284.125	0	84	5
282	PSMA2	284.125	1	84	5
282	STK17A	284.125	1	84	5
282	CCT6A	7.230	1	2	1
282	DYRK1B	3.655	0	1	1
282	PCDH11Y	3.104	0	1	1
282	PHKG1	6.459	1	2	1
283	CDKN2A	19.792	0	7	1
283	EGFR	361.909	1	94	2
283	LRP2	361.909	0	94	2
283	PCDH7	10.103	0	3	1
283	PRKDC	2.758	0	1	1
284	APOB	3.591	0	1	1
284	CDH19	3.809	0	1	1
284	CDKN2A	32.949	0	11	1
284	EGFR	359.720	1	98	4
284	IGF2R	359.720	0	98	4
284	PIK3CA	359.720	0	98	4
284	PRKDC	359.720	0	98	4
284	KLHL9	2.695	0	1	1
285	F10	94.452	0	28	1
286	APOB	4.249	0	1	1
286	CDKN2A	279.723	0	83	3
286	EGFR	279.723	1	83	3
286	IFNGR1	279.723	0	83	3
286	EEF1A1	3.127	0	1	1
286	MAP3K4	22.742	0	8	1
286	PCDHGC5	7.506	0	2	1
287	ADCY2	4.108	0	1	1
287	CD3G	14.652	0	5	1
287	CDH13	4.571	0	1	1
287	CDKN2A	20.528	0	7	2
287	CHEK2	20.528	0	7	2
287	ELAVL2	5.415	0	1	1
287	FAS	262.092	0	60	2
287	GABRG2	262.092	1	60	2
287	KCNB1	6.516	1	2	1
287	NF1	2.676	0	1	1
287	RPA2	6.538	0	2	1
288	BCLAF1	11.719	0	4	1
288	CEBPB	295.226	0	80	5
288	EGFR	295.226	1	80	5
288	PIK3R1	295.226	0	80	5
288	PTEN	295.226	0	80	5
288	PRKCG	295.226	0	80	5
288	RYR3	2.999	0	1	1
288	SEC61G	18.061	1	6	1
289	BCLAF1	765.153	0	220	6
289	COL1A2	765.153	1	220	6
289	HLA-DRB1	765.153	1	220	6
289	LAMA5	765.153	0	220	6
289	PIK3CA	765.153	0	220	6
289	TP53	765.153	1	220	6
289	GRIN2C	6.355	0	2	1
289	PCDHGC5	7.786	0	2	1
290	CDKN2A	676.072	0	188	6
290	FOS	676.072	1	188	6
290	HSPG2	676.072	0	188	6
290	LAMC1	676.072	1	188	6
290	LYN	676.072	1	188	6
290	PIK3CB	676.072	0	188	6
290	ITPR1	3.176	0	1	1
291	CDKN2A	203.276	0	55	8
291	EGF	203.276	0	55	8
291	GRIN2A	203.276	0	55	8
291	LAMB1	203.276	0	55	8
291	PIK3CA	203.276	0	55	8
291	PTEN	203.276	0	55	8
291	GLI3	203.276	0	55	8
291	MET	203.276	0	55	8
291	PCDHA10	3.897	0	1	1
291	SEC61G	6.833	1	2	1
292	CHEK2	467.704	0	129	10
292	DNAH9	467.704	1	129	10
292	ERBB4	467.704	0	129	10
292	F2	467.704	0	129	10
292	HLA-DRB1	467.704	0	129	10
292	MAPK8	467.704	0	129	10
292	PRKY	467.704	0	129	10
292	TSC2	467.704	0	129	10
292	CNTNAP1	467.704	0	129	10
292	FGFR3	467.704	1	129	10
292	PCDH11Y	15.577	0	3	1
292	TBL1Y	2.774	0	1	1
293	CDK6	278.697	0	76	4
293	COL1A2	278.697	1	76	4
293	EGFR	278.697	1	76	4
293	PARP1	278.697	0	76	4
293	PCDHAC2	6.574	0	2	1
294	EGFR	426.510	1	120	3
294	HDAC2	426.510	0	120	3
294	RB1	426.510	0	120	3
294	GRIN2A	6.761	0	2	1
294	NDN	8.219	1	3	1
295	GNA15	2.719	0	1	1
295	HLA-DRB1	304.067	0	84	4
295	LAMA3	304.067	0	84	4
295	PIK3R1	304.067	0	84	4
295	TP53	304.067	1	84	4
295	PCDH11Y	5.890	0	2	1
296	CDH23	10.309	0	3	1
296	CDKN2A	517.331	0	146	5
296	EGFR	517.331	1	146	5
296	HLA-DRB1	517.331	1	146	5
296	CRKL	517.331	0	146	5
296	DFFB	517.331	0	146	5
296	PPP3CB	3.710	0	1	1
297	CDK4	365.504	1	102	7
297	TP53	365.504	0	102	7
297	ERBB3	365.504	0	102	7
297	IFNG	365.504	0	102	7
297	GLI1	365.504	0	102	7
297	HLA-DRB1	365.504	1	102	7
297	PXN	365.504	0	102	7
297	CIT	8.315	1	3	1
297	PCDH11Y	5.503	0	2	1
297	PLCZ1	2.935	0	1	1
298	DAPK1	242.032	0	62	3
298	NEFH	242.032	1	62	3
298	POU2F1	242.032	0	62	3
299	CDKN2A	303.953	0	85	4
299	TP53	303.953	0	85	4
299	PTEN	303.953	0	85	4
299	PRKY	303.953	0	85	4
299	PCDH11Y	11.233	0	3	1
300	ANK2	247.524	0	65	4
300	PDGFRA	247.524	0	65	4
300	SYNJ2	247.524	0	65	4
300	KIT	247.524	0	65	4
300	APOB	7.029	0	2	1
300	CDC27	39.706	0	11	2
300	SGCB	39.706	1	11	2
300	DCTN2	2.612	0	1	1
300	DDIT3	14.407	1	3	1
300	GNAT3	4.312	0	1	1
301	CACNA1B	5.818	0	2	1
301	CDH8	7.029	0	2	1
301	EGFR	450.100	1	121	4
301	HLA-DRA	450.100	1	121	4
301	PTEN	450.100	0	121	4
301	RB1	450.100	0	121	4
301	TCF7L2	3.640	0	1	1
301	TUBA3C	16.856	0	5	1
302	CDKN2A	394.180	0	109	11
302	DNMT1	394.180	0	109	11
302	CDKN2B	394.180	0	109	11
302	ERG	394.180	0	109	11
302	FN1	394.180	0	109	11
302	PRKY	394.180	0	109	11
302	SEC61G	394.180	1	109	11
302	VAV2	394.180	0	109	11
302	PIK3C2G	394.180	0	109	11
302	TBL1Y	394.180	0	109	11
302	HLA-DRB1	394.180	1	109	11
302	PCDH11Y	7.119	0	2	1
303	CCT6A	24.125	0	7	1
303	CDKN2A	59.378	0	17	2
303	PTEN	59.378	0	17	2
303	EGFR	146.502	0	38	1
303	KLHL9	3.378	0	1	1
303	PCDHGC5	6.944	0	2	1
304	CDK4	239.818	1	68	2
304	EGFR	239.818	0	68	2
304	STXBP1	10.721	0	2	1
305	CD97	16.256	0	5	1
305	CDKN2A	268.155	0	70	3
305	LAMA1	268.155	0	70	3
305	PIK3CA	268.155	0	70	3
305	GLIS1	12.789	0	4	1
305	PCDHAC2	4.036	0	1	1
305	RYR3	2.969	0	1	1
306	GLI1	14.066	1	4	1
306	LAMA5	67.345	0	22	2
306	PTEN	67.345	0	22	2
307	ADAM12	264.447	0	72	16
307	EGFR	264.447	0	72	16
307	FBLN1	264.447	0	72	16
307	ITGA8	264.447	0	72	16
307	LAMA4	264.447	0	72	16
307	BRCA1	264.447	0	72	16
307	CDC2	264.447	1	72	16
307	ZWINT	264.447	1	72	16
307	HDAC2	264.447	0	72	16
307	CDKN2A	264.447	0	72	16
307	PTEN	264.447	0	72	16
307	MAPK1	264.447	0	72	16
307	MAPK8	264.447	0	72	16
307	GRAP2	264.447	0	72	16
307	PDGFRA	264.447	1	72	16
307	PPARA	264.447	0	72	16
307	GABRA5	10.222	0	2	1
307	PCDHGC5	2.721	0	1	1
307	RYR2	17.925	1	6	1
307	SEC61G	13.315	1	5	1
308	CDK6	353.111	0	105	11
308	PSMC2	353.111	0	105	11
308	ZNF3	353.111	1	105	11
308	XRCC2	353.111	0	105	11
308	TCRBV8S1	353.111	0	105	11
308	COL1A2	353.111	0	105	11
308	EGFR	353.111	1	105	11
308	LAMB4	353.111	0	105	11
308	NOS3	353.111	0	105	11
308	ZNF212	353.111	0	105	11
308	EZH2	353.111	1	105	11
308	GPC2	3.524	0	1	1
308	PCDH11Y	6.240	0	2	1
308	PRKY	3.435	0	1	1
308	SRI	2.822	0	1	1
308	TES	3.421	0	1	1
309	CDC27	29.867	0	10	1
309	HLA-DRB1	242.192	0	67	3
309	SRC	242.192	0	67	3
309	MYF5	242.192	0	67	3
310	ADCY2	3.021	0	1	1
310	PCDH11Y	10.417	0	3	1
310	PIK3R1	326.805	0	86	2
310	RB1	326.805	0	86	2
310	PRKY	10.851	0	3	1
311	FBN2	177.579	0	48	3
311	HLA-DRB1	177.579	0	48	3
311	MLL	177.579	0	48	3
311	PTEN	4.674	0	1	1
312	CDK4	354.588	1	98	3
312	PIK3CA	354.588	0	98	3
312	GLI1	354.588	1	98	3
312	GABRA4	24.553	0	8	1
312	PDGFD	2.511	0	1	1
313	CDKN2A	264.162	0	68	4
313	PTEN	264.162	0	68	4
313	TP53	264.162	0	68	4
313	CREBBP	264.162	0	68	4
313	GNAT3	2.759	0	1	1
313	PCDH11Y	5.974	0	2	1
313	PRKY	3.985	0	1	1
314	CACNA1B	3.140	0	1	1
314	CEP250	2.545	0	1	1
314	EGFR	255.050	0	65	3
314	PRKY	255.050	0	65	3
314	PTEN	255.050	0	65	3
314	PCDH11Y	3.900	0	1	1
315	BRCA1	297.100	0	79	3
315	PIK3R1	297.100	0	79	3
315	EGFR	297.100	1	79	3
315	MAG	7.046	0	2	1
315	PCDHAC2	6.779	0	2	1
316	APOB	254.728	0	68	9
316	CDKN2A	254.728	0	68	9
316	JAK2	254.728	0	68	9
316	MAPK1	254.728	0	68	9
316	PIK3CA	254.728	0	68	9
316	NRXN1	254.728	1	68	9
316	EIF4A1	254.728	0	68	9
316	GLI1	254.728	0	68	9
316	HLA-DRB1	254.728	0	68	9
316	ELAVL2	2.692	0	1	1
316	FBN2	2.989	0	1	1
316	KCNB1	6.404	1	2	1
316	KLHL9	2.708	0	1	1
316	PCDHAC2	3.450	0	1	1
317	CDH18	9.172	1	3	1
317	CDKN2A	326.068	0	84	4
317	PIK3C2G	326.068	0	84	4
317	PIK3R1	326.068	0	84	4
317	TP53	326.068	0	84	4
318	CDKN2A	321.031	0	81	3
318	EGFR	321.031	1	81	3
318	PTEN	321.031	0	81	3
318	CDKN2B	2.767	0	1	1
318	CEP250	2.982	0	1	1
319	COL1A2	165.686	0	46	4
319	LRP1	165.686	0	46	4
319	PTEN	165.686	0	46	4
319	TP53	165.686	0	46	4
319	KIT	4.539	0	1	1
319	SLC6A3	81.768	0	19	1
320	CDC27	37.281	0	12	2
320	CDKN2A	37.281	0	12	2
320	CEP63	3.478	0	1	1
320	GRIN2C	89.439	0	19	1
320	HLA-DRB1	2.711	0	1	1
320	PTEN	2.896	0	1	1
321	CDH19	5.843	0	2	1
321	CDKN2A	326.139	0	89	2
321	EGFR	326.139	1	89	2
321	LRP2	8.663	0	2	1
322	CSNK1G1	2.974	0	1	1
322	ITGA8	146.915	0	40	2
322	MMP7	146.915	0	40	2
322	MNDA	8.391	1	3	1
322	PCDHGC5	3.335	0	1	1
322	SLC26A8	13.901	0	5	1
323	CDK4	537.105	1	145	5
323	LAMA5	537.105	0	145	5
323	PIK3CA	537.105	0	145	5
323	TP53	537.105	1	145	5
323	PDGFRA	537.105	1	145	5
324	CDKN2A	402.535	0	103	3
324	EGFR	402.535	1	103	3
324	SRPK1	402.535	0	103	3
324	GRIN2A	6.028	0	2	1
324	PCDH11Y	9.467	0	3	1
324	PRKY	7.071	0	2	1
324	SEC61G	24.922	1	8	1
325	CDKN2A	192.434	0	59	2
325	HLA-DOA	192.434	0	59	2
325	FBLN2	193.257	0	50	2
325	SYNJ2	193.257	0	50	2
325	KLHL9	3.496	0	1	1
326	CDKN2A	455.119	0	121	5
326	EGFR	455.119	1	121	5
326	LRP2	455.119	0	121	5
326	PRKCA	455.119	0	121	5
326	PTEN	455.119	0	121	5
326	CELSR1	6.649	0	2	1
327	COL2A1	378.814	0	109	3
327	SEC61G	378.814	1	109	3
327	DSP	378.814	0	109	3
327	MYBL1	2.562	0	1	1
327	PGR	14.922	0	5	1
