GENE	DRIVER_FREQUENCY	DRIVER_SNV_FREQUENCY	DRIVER_DELTION_FREQUENCY	DRIVER_AMPLIFICATION_FREQUENCY	CANCER_CENSUS	PAN_CANCER	IMPACT	MUTATION_FREQUENCY	SNV_FREQUENCY	DELTION_FREQUENCY	AMPLIFICATION_FREQUENCY
EGFR	0.393	0.262	0.000	0.241	Y	NA	129.4507522705	0.393	0.262	0.000	0.241
CDKN2A	0.448	0.015	0.433	0.000	Y	NA	101.1445862086	0.470	0.015	0.454	0.000
TP53	0.284	0.280	0.003	0.000	Y	NA	89.9513697926	0.284	0.280	0.003	0.000
PTEN	0.290	0.265	0.024	0.000	Y	NA	80.6749003816	0.314	0.290	0.024	0.000
HLA-DRB1	0.189	0.000	0.006	0.183	N	NA	48.7900498332	0.189	0.000	0.006	0.183
PRKY	0.171	0.000	0.171	0.000	N	NA	38.6762302441	0.195	0.000	0.195	0.000
CDK4	0.113	0.000	0.000	0.113	Y	NA	38.0887862734	0.116	0.000	0.000	0.116
SEC61G	0.159	0.000	0.000	0.159	N	NA	36.6416319314	0.317	0.000	0.000	0.317
PIK3CA	0.091	0.088	0.000	0.003	Y	NA	30.4722700805	0.091	0.088	0.000	0.003
PIK3R1	0.091	0.088	0.006	0.000	Y	NA	28.2871049255	0.091	0.088	0.006	0.000
TTN	0.052	0.052	0.000	0.000	N	NA	23.8753684599	0.207	0.207	0.000	0.000
RB1	0.070	0.064	0.009	0.000	Y	NA	23.6499965768	0.070	0.064	0.009	0.000
TBL1Y	0.058	0.000	0.058	0.000	N	NA	19.9158813094	0.195	0.000	0.195	0.000
KIT	0.076	0.012	0.000	0.064	Y	NA	19.8116743903	0.076	0.012	0.000	0.064
PIK3C2B	0.052	0.012	0.000	0.043	N	NA	19.0889973190	0.055	0.012	0.000	0.046
NF1	0.055	0.055	0.000	0.000	Y	NA	18.7555303744	0.095	0.095	0.000	0.000
LRP1	0.034	0.018	0.006	0.009	N	NA	15.6247351910	0.034	0.018	0.006	0.009
KDR	0.055	0.021	0.000	0.037	Y	NA	15.3175082869	0.064	0.027	0.000	0.040
GLI1	0.043	0.003	0.003	0.037	N	NA	14.5916557880	0.064	0.009	0.003	0.052
PDGFRA	0.055	0.040	0.000	0.024	Y	NA	13.3815567849	0.055	0.040	0.000	0.024
IFNG	0.034	0.006	0.009	0.018	N	NA	13.1376246001	0.034	0.006	0.009	0.018
MDM2	0.052	0.000	0.000	0.052	Y	NA	13.0722939807	0.076	0.006	0.000	0.070
PIK3CG	0.037	0.027	0.000	0.009	N	NA	13.0606452472	0.037	0.027	0.000	0.009
COL1A2	0.043	0.027	0.000	0.015	N	NA	12.7750064686	0.043	0.027	0.000	0.015
TEK	0.034	0.003	0.030	0.000	N	NA	11.9328314340	0.064	0.015	0.049	0.000
LRP2	0.034	0.034	0.000	0.000	N	NA	11.9286831266	0.046	0.046	0.000	0.000
COL6A3	0.034	0.034	0.000	0.000	N	NA	11.3862444641	0.034	0.034	0.000	0.000
NOS3	0.027	0.018	0.000	0.012	N	NA	10.8094457505	0.027	0.018	0.000	0.012
AMPH	0.021	0.012	0.000	0.009	N	NA	10.6455778180	0.021	0.012	0.000	0.009
MET	0.030	0.015	0.000	0.015	Y	NA	10.4751522041	0.030	0.015	0.000	0.015
CD3G	0.027	0.003	0.003	0.021	N	NA	10.2486119594	0.030	0.003	0.003	0.024
ATRX	0.037	0.037	0.000	0.000	Y	NA	10.2347312933	0.043	0.043	0.000	0.000
RYR2	0.052	0.052	0.000	0.000	N	NA	10.0505860478	0.079	0.079	0.000	0.000
ANK2	0.030	0.030	0.000	0.000	N	NA	10.0028878289	0.030	0.030	0.000	0.000
IKZF1	0.030	0.006	0.000	0.024	Y	NA	9.2501572695	0.030	0.006	0.000	0.024
GLI3	0.018	0.006	0.000	0.012	N	NA	9.1769992928	0.018	0.006	0.000	0.012
PPIA	0.018	0.000	0.000	0.018	N	NA	9.0585269555	0.018	0.000	0.000	0.018
FGFR2	0.027	0.003	0.021	0.003	Y	NA	8.9898962394	0.027	0.003	0.021	0.003
FRS2	0.024	0.000	0.000	0.024	N	NA	8.8935857810	0.024	0.000	0.000	0.024
GRB10	0.021	0.006	0.000	0.015	N	NA	8.8658791720	0.027	0.006	0.000	0.021
COL6A2	0.027	0.027	0.000	0.000	N	NA	8.8278886267	0.027	0.027	0.000	0.000
RIMS2	0.034	0.034	0.000	0.000	N	NA	8.6255043122	0.034	0.034	0.000	0.000
CFTR	0.021	0.006	0.000	0.015	N	NA	8.6079225947	0.021	0.006	0.000	0.015
STAT6	0.021	0.003	0.006	0.012	N	NA	8.3800331386	0.021	0.003	0.006	0.012
STK17A	0.018	0.000	0.000	0.018	N	NA	8.2559417004	0.018	0.000	0.000	0.018
PSMA2	0.015	0.000	0.000	0.015	N	NA	8.2255614163	0.015	0.000	0.000	0.015
PIK3C2G	0.027	0.024	0.003	0.000	N	NA	8.1976459424	0.027	0.024	0.003	0.000
DRD5	0.027	0.027	0.000	0.000	N	NA	8.1903465758	0.027	0.027	0.000	0.000
FLNC	0.024	0.009	0.000	0.015	N	NA	8.1684137084	0.024	0.009	0.000	0.015
ADAM12	0.018	0.003	0.015	0.000	N	NA	8.0367314076	0.024	0.006	0.018	0.000
PLAU	0.021	0.000	0.021	0.000	N	NA	8.0069390564	0.021	0.000	0.021	0.000
MDM4	0.018	0.003	0.000	0.015	Y	NA	7.7624028980	0.037	0.003	0.000	0.034
ITGB1	0.018	0.003	0.012	0.003	N	NA	7.6465370002	0.018	0.003	0.012	0.003
MAPK8	0.018	0.003	0.015	0.000	N	NA	7.4660766824	0.018	0.003	0.015	0.000
FN1	0.018	0.018	0.000	0.000	N	NA	7.3510448816	0.018	0.018	0.000	0.000
NCF1	0.018	0.003	0.000	0.015	N	NA	7.3161583523	0.018	0.003	0.000	0.015
RELN	0.027	0.024	0.000	0.003	N	NA	7.1311398002	0.046	0.040	0.000	0.006
LAMA5	0.015	0.015	0.000	0.000	N	NA	7.0171420704	0.015	0.015	0.000	0.000
GABRA6	0.024	0.024	0.000	0.000	N	NA	7.0096154321	0.027	0.027	0.000	0.000
ERBB3	0.012	0.003	0.003	0.006	N	NA	6.9342337703	0.012	0.003	0.003	0.006
NOS1	0.018	0.015	0.000	0.003	N	NA	6.8933728664	0.018	0.015	0.000	0.003
DCTN2	0.043	0.003	0.000	0.043	N	NA	6.8356960270	0.064	0.003	0.003	0.061
ACTB	0.012	0.000	0.000	0.012	N	NA	6.7238514135	0.012	0.000	0.000	0.012
FAS	0.018	0.000	0.018	0.000	N	NA	6.6970172075	0.024	0.000	0.024	0.000
LAMA1	0.018	0.018	0.000	0.000	N	NA	6.6807515817	0.018	0.018	0.000	0.000
CCT6A	0.058	0.000	0.000	0.058	N	NA	6.6012001670	0.082	0.000	0.000	0.082
FGFR1	0.012	0.012	0.000	0.000	Y	NA	6.5614233048	0.012	0.012	0.000	0.000
ITGB8	0.015	0.003	0.000	0.012	N	NA	6.5368061306	0.015	0.003	0.000	0.012
KIF5A	0.037	0.000	0.000	0.037	N	NA	6.5227557518	0.064	0.000	0.003	0.061
ATM	0.018	0.018	0.000	0.000	Y	NA	6.5095213647	0.018	0.018	0.000	0.000
HNRNPA2B1	0.009	0.000	0.000	0.009	Y	NA	6.4065928267	0.012	0.000	0.000	0.012
XRCC2	0.015	0.000	0.003	0.012	N	NA	6.3615648223	0.018	0.000	0.003	0.015
ATR	0.018	0.015	0.000	0.003	N	NA	6.3484263470	0.018	0.015	0.000	0.003
DNAH9	0.027	0.027	0.000	0.000	N	NA	6.2798906554	0.027	0.027	0.000	0.000
FBN2	0.018	0.015	0.003	0.000	N	NA	6.1713831113	0.021	0.018	0.003	0.000
LAMA2	0.018	0.018	0.000	0.000	N	NA	6.1439389160	0.018	0.018	0.000	0.000
COL1A1	0.012	0.012	0.000	0.000	Y	NA	6.1281210187	0.012	0.012	0.000	0.000
FGFR3	0.015	0.012	0.000	0.003	Y	NA	6.1147253759	0.015	0.012	0.000	0.003
PPYR1	0.015	0.000	0.015	0.000	N	NA	6.1057587947	0.040	0.003	0.034	0.003
DNMBP	0.018	0.012	0.006	0.000	N	NA	6.0534277129	0.024	0.012	0.012	0.000
LAMB4	0.018	0.012	0.000	0.006	N	NA	5.9232681287	0.018	0.012	0.000	0.006
HOXA9	0.012	0.003	0.000	0.009	Y	NA	5.8915057229	0.015	0.003	0.000	0.012
GRIN2A	0.021	0.021	0.000	0.000	N	NA	5.7879172629	0.024	0.024	0.000	0.000
FLT1	0.018	0.015	0.003	0.000	N	NA	5.7192775874	0.018	0.015	0.003	0.000
DMD	0.018	0.018	0.000	0.000	N	NA	5.7057975310	0.040	0.034	0.003	0.003
MSH6	0.015	0.015	0.000	0.000	Y	NA	5.6451690594	0.018	0.018	0.000	0.000
DSP	0.009	0.009	0.000	0.000	N	NA	5.5657539596	0.030	0.030	0.000	0.000
PGR	0.015	0.015	0.000	0.000	N	NA	5.5152429070	0.018	0.018	0.000	0.000
ANK1	0.024	0.021	0.003	0.000	N	NA	5.5034036354	0.037	0.021	0.015	0.000
GABRB3	0.021	0.018	0.003	0.000	N	NA	5.5019656884	0.021	0.018	0.003	0.000
EPC1	0.018	0.003	0.012	0.003	N	NA	5.4902701235	0.018	0.003	0.012	0.003
LAMB1	0.015	0.009	0.000	0.006	N	NA	5.4503466252	0.015	0.009	0.000	0.006
HGF	0.018	0.006	0.000	0.012	N	NA	5.3447908206	0.018	0.006	0.000	0.012
ZWINT	0.012	0.000	0.012	0.000	N	NA	5.2400881409	0.015	0.000	0.015	0.000
SMC3	0.015	0.000	0.015	0.000	N	NA	5.2277486097	0.024	0.009	0.015	0.000
GABRA1	0.015	0.015	0.000	0.000	N	NA	5.2011461059	0.015	0.015	0.000	0.000
AKAP9	0.015	0.009	0.000	0.006	Y	NA	5.1926714736	0.027	0.015	0.000	0.012
GNAT3	0.024	0.012	0.000	0.012	N	NA	5.1657983309	0.027	0.012	0.000	0.015
TSC2	0.012	0.012	0.000	0.000	Y	NA	5.1187604009	0.012	0.012	0.000	0.000
WEE2	0.012	0.006	0.000	0.006	N	NA	5.1147457050	0.015	0.006	0.000	0.009
CDK6	0.018	0.000	0.000	0.018	Y	NA	5.1081722059	0.018	0.000	0.000	0.018
COL2A1	0.009	0.003	0.003	0.003	N	NA	5.1072786175	0.009	0.003	0.003	0.003
ASPM	0.012	0.012	0.000	0.000	N	NA	5.0856018109	0.015	0.015	0.000	0.000
VAV1	0.009	0.009	0.000	0.000	N	NA	5.0795095354	0.009	0.009	0.000	0.000
ITGB3	0.012	0.012	0.000	0.000	N	NA	5.0777401570	0.012	0.012	0.000	0.000
HCK	0.015	0.012	0.000	0.003	N	NA	5.0754309124	0.015	0.012	0.000	0.003
MLLT4	0.015	0.012	0.003	0.000	Y	NA	5.0471975055	0.015	0.012	0.003	0.000
FGFR4	0.012	0.012	0.000	0.000	N	NA	4.9846412631	0.012	0.012	0.000	0.000
SMARCA2	0.015	0.003	0.012	0.000	N	NA	4.9815807532	0.021	0.009	0.012	0.000
DFFB	0.009	0.000	0.009	0.000	N	NA	4.8352903812	0.009	0.000	0.009	0.000
ERG	0.012	0.009	0.003	0.000	Y	NA	4.8304894518	0.012	0.009	0.003	0.000
DDIT3	0.018	0.000	0.000	0.018	Y	NA	4.8029963422	0.073	0.003	0.003	0.067
HDAC2	0.012	0.009	0.003	0.000	N	NA	4.7225572388	0.012	0.009	0.003	0.000
SLC6A3	0.018	0.012	0.003	0.003	N	NA	4.7180996412	0.018	0.012	0.003	0.003
FBLN2	0.018	0.018	0.000	0.000	N	NA	4.7128335362	0.018	0.018	0.000	0.000
IGFBP3	0.018	0.000	0.000	0.018	N	NA	4.7073716925	0.018	0.000	0.000	0.018
ITGA8	0.015	0.003	0.009	0.003	N	NA	4.6737176381	0.015	0.003	0.009	0.003
TNC	0.012	0.012	0.000	0.000	N	NA	4.6620004661	0.012	0.012	0.000	0.000
CHEK1	0.012	0.012	0.000	0.000	N	NA	4.6619108868	0.012	0.012	0.000	0.000
PIK3CD	0.012	0.000	0.009	0.003	N	NA	4.6488726627	0.012	0.000	0.009	0.003
GNGT1	0.009	0.000	0.000	0.009	N	NA	4.5602675306	0.015	0.000	0.000	0.015
SLC18A2	0.018	0.003	0.015	0.000	N	NA	4.5107880453	0.018	0.003	0.015	0.000
ERBB2	0.021	0.021	0.000	0.000	Y	NA	4.4531795787	0.021	0.021	0.000	0.000
ITGAM	0.015	0.015	0.000	0.000	N	NA	4.4504987375	0.015	0.015	0.000	0.000
FLNA	0.018	0.012	0.003	0.003	N	NA	4.4328854695	0.018	0.012	0.003	0.003
EZH2	0.012	0.000	0.000	0.012	Y	NA	4.4273895331	0.015	0.003	0.000	0.012
PHKG1	0.061	0.000	0.000	0.061	N	NA	4.3440512100	0.079	0.000	0.000	0.079
ADCYAP1R1	0.006	0.000	0.000	0.006	N	NA	4.3387535456	0.018	0.003	0.000	0.015
LAMB3	0.012	0.012	0.000	0.000	N	NA	4.3206232002	0.012	0.012	0.000	0.000
PRSS2	0.012	0.000	0.003	0.009	N	NA	4.3014703408	0.030	0.000	0.003	0.027
PRKDC	0.021	0.021	0.000	0.000	N	NA	4.2010258401	0.021	0.021	0.000	0.000
PRKCQ	0.015	0.003	0.009	0.003	N	NA	4.1613371183	0.015	0.003	0.009	0.003
BTRC	0.015	0.003	0.012	0.000	N	NA	4.1473438292	0.015	0.003	0.012	0.000
CACNA1S	0.021	0.018	0.000	0.003	N	NA	4.1272863768	0.027	0.024	0.000	0.003
RAC1	0.006	0.000	0.000	0.006	N	NA	4.0528827474	0.006	0.000	0.000	0.006
EPHA1	0.006	0.003	0.000	0.003	N	NA	4.0097365051	0.009	0.003	0.000	0.006
NOD1	0.012	0.000	0.000	0.012	N	NA	3.9206630412	0.021	0.006	0.000	0.015
IGF2R	0.006	0.006	0.000	0.000	N	NA	3.8829372392	0.006	0.006	0.000	0.000
MAP4K1	0.009	0.006	0.000	0.003	N	NA	3.7891506576	0.009	0.006	0.000	0.003
BRCA1	0.012	0.012	0.000	0.000	Y	NA	3.7726802215	0.012	0.012	0.000	0.000
NRXN1	0.009	0.009	0.000	0.000	N	NA	3.7549138509	0.015	0.015	0.000	0.000
ITGA4	0.009	0.009	0.000	0.000	N	NA	3.7124450231	0.009	0.009	0.000	0.000
COL4A5	0.012	0.009	0.003	0.000	N	NA	3.6882825996	0.012	0.009	0.003	0.000
LAMC3	0.015	0.015	0.000	0.000	N	NA	3.6882211672	0.015	0.015	0.000	0.000
VEGFA	0.012	0.006	0.000	0.006	N	NA	3.5869647630	0.012	0.006	0.000	0.006
LAMA3	0.012	0.012	0.000	0.000	N	NA	3.5621280469	0.012	0.012	0.000	0.000
ITGA7	0.006	0.003	0.000	0.003	N	NA	3.5551899673	0.006	0.003	0.000	0.003
MCM5	0.009	0.006	0.003	0.000	N	NA	3.5505530568	0.009	0.006	0.003	0.000
VAV2	0.009	0.009	0.000	0.000	N	NA	3.5432218012	0.009	0.009	0.000	0.000
VAMP3	0.012	0.003	0.009	0.000	N	NA	3.5278292609	0.012	0.003	0.009	0.000
CACNB3	0.003	0.000	0.000	0.003	N	NA	3.5137478330	0.015	0.006	0.003	0.006
COL14A1	0.015	0.015	0.000	0.000	N	NA	3.4601627428	0.015	0.015	0.000	0.000
PTPRC	0.006	0.006	0.000	0.000	N	NA	3.4266424206	0.006	0.006	0.000	0.000
COL11A2	0.012	0.012	0.000	0.000	N	NA	3.4237483349	0.018	0.018	0.000	0.000
EGF	0.009	0.009	0.000	0.000	N	NA	3.4132493100	0.009	0.009	0.000	0.000
F2	0.006	0.006	0.000	0.000	N	NA	3.3933126482	0.006	0.006	0.000	0.000
DOCK2	0.012	0.012	0.000	0.000	N	NA	3.3891412723	0.018	0.018	0.000	0.000
CHEK2	0.012	0.012	0.000	0.000	Y	NA	3.3357818070	0.024	0.024	0.000	0.000
DLG4	0.006	0.006	0.000	0.000	N	NA	3.3078136932	0.009	0.009	0.000	0.000
CEP63	0.009	0.006	0.003	0.000	N	NA	3.2950359109	0.009	0.006	0.003	0.000
MCM6	0.009	0.006	0.000	0.003	N	NA	3.2676603545	0.009	0.006	0.000	0.003
POU2F1	0.006	0.006	0.000	0.000	N	NA	3.2615931731	0.006	0.006	0.000	0.000
GRK5	0.012	0.000	0.012	0.000	N	NA	3.2345606752	0.018	0.000	0.018	0.000
EP300	0.009	0.006	0.003	0.000	Y	NA	3.2181217151	0.009	0.006	0.003	0.000
MAPK13	0.009	0.006	0.000	0.003	N	NA	3.1972788576	0.009	0.006	0.000	0.003
CDC2	0.009	0.000	0.009	0.000	N	NA	3.1917274027	0.009	0.000	0.009	0.000
SFN	0.003	0.003	0.000	0.000	N	NA	3.1676590231	0.003	0.003	0.000	0.000
CALML5	0.012	0.003	0.006	0.003	N	NA	3.1505990340	0.015	0.003	0.009	0.003
CREBBP	0.015	0.015	0.000	0.000	Y	NA	3.1341570789	0.015	0.015	0.000	0.000
ZNF3	0.009	0.003	0.000	0.006	N	NA	3.1148741900	0.012	0.006	0.000	0.006
DBF4	0.009	0.000	0.000	0.009	N	NA	3.1144562096	0.012	0.000	0.000	0.012
F8	0.015	0.015	0.000	0.000	N	NA	3.1097693082	0.015	0.015	0.000	0.000
MCM7	0.009	0.003	0.000	0.006	N	NA	3.0987567374	0.012	0.006	0.000	0.006
LAMC1	0.006	0.006	0.000	0.000	N	NA	3.0871224470	0.006	0.006	0.000	0.000
PRKAR2B	0.006	0.000	0.000	0.006	N	NA	3.0818585716	0.006	0.000	0.000	0.006
RERE	0.018	0.015	0.003	0.000	N	NA	3.0738801708	0.027	0.018	0.009	0.000
ITGB4	0.012	0.009	0.000	0.003	N	NA	3.0712000083	0.012	0.009	0.000	0.003
MMP7	0.006	0.006	0.000	0.000	N	NA	3.0666599208	0.006	0.006	0.000	0.000
ACAN	0.012	0.012	0.000	0.000	N	NA	3.0647891649	0.012	0.012	0.000	0.000
SRPK1	0.009	0.006	0.000	0.003	N	NA	3.0642701366	0.009	0.006	0.000	0.003
EZR	0.012	0.012	0.000	0.000	Y	NA	3.0386172102	0.012	0.012	0.000	0.000
CNOT2	0.012	0.003	0.000	0.012	N	NA	3.0284433291	0.021	0.003	0.000	0.021
BCR	0.009	0.006	0.003	0.000	Y	NA	3.0035206527	0.009	0.006	0.003	0.000
STAT1	0.006	0.006	0.000	0.000	N	NA	2.9849171477	0.006	0.006	0.000	0.000
SHB	0.012	0.009	0.003	0.000	N	NA	2.9157986789	0.012	0.009	0.003	0.000
HLA-A	0.009	0.000	0.009	0.000	N	NA	2.8578014489	0.009	0.000	0.009	0.000
BSG	0.006	0.000	0.003	0.003	N	NA	2.8540730460	0.006	0.000	0.003	0.003
CEP135	0.021	0.000	0.003	0.018	N	NA	2.8149049886	0.027	0.003	0.003	0.021
EGR1	0.009	0.009	0.000	0.000	N	NA	2.8044191968	0.009	0.009	0.000	0.000
CRKL	0.006	0.003	0.003	0.000	N	NA	2.7674511001	0.006	0.003	0.003	0.000
BCLAF1	0.006	0.006	0.000	0.000	N	NA	2.7548023161	0.015	0.015	0.000	0.000
PSMB8	0.006	0.006	0.000	0.000	N	NA	2.7469166113	0.006	0.006	0.000	0.000
AKT1	0.012	0.003	0.000	0.009	Y	NA	2.7231235833	0.012	0.003	0.000	0.009
ITGAX	0.015	0.015	0.000	0.000	N	NA	2.7195548308	0.018	0.018	0.000	0.000
CHL1	0.015	0.015	0.000	0.000	N	NA	2.6889618057	0.021	0.021	0.000	0.000
PRKCA	0.006	0.006	0.000	0.000	N	NA	2.6509992383	0.006	0.006	0.000	0.000
ACTN1	0.006	0.006	0.000	0.000	N	NA	2.6423260796	0.006	0.006	0.000	0.000
PRKX	0.006	0.003	0.003	0.000	N	NA	2.6342201434	0.006	0.003	0.003	0.000
MAPK1	0.009	0.006	0.003	0.000	N	NA	2.6191184785	0.009	0.006	0.003	0.000
NTRK3	0.003	0.003	0.000	0.000	Y	NA	2.6122891804	0.006	0.006	0.000	0.000
SMC1A	0.012	0.009	0.000	0.003	N	NA	2.6039456623	0.015	0.012	0.000	0.003
STXBP1	0.006	0.006	0.000	0.000	N	NA	2.5789622340	0.006	0.006	0.000	0.000
CDH5	0.006	0.006	0.000	0.000	N	NA	2.5735852838	0.006	0.006	0.000	0.000
PLG	0.009	0.006	0.003	0.000	N	NA	2.5734406306	0.009	0.006	0.003	0.000
IKZF3	0.006	0.006	0.000	0.000	N	NA	2.5559403295	0.006	0.006	0.000	0.000
E2F4	0.003	0.003	0.000	0.000	N	NA	2.5462773393	0.003	0.003	0.000	0.000
ESR1	0.003	0.003	0.000	0.000	N	NA	2.5462773393	0.003	0.003	0.000	0.000
PPP2R1B	0.003	0.003	0.000	0.000	N	NA	2.5462773393	0.006	0.006	0.000	0.000
ITGB7	0.009	0.009	0.000	0.000	N	NA	2.4954976958	0.009	0.009	0.000	0.000
CD3E	0.006	0.006	0.000	0.000	N	NA	2.4901843235	0.006	0.006	0.000	0.000
VCAN	0.009	0.006	0.003	0.000	N	NA	2.4601969332	0.009	0.006	0.003	0.000
ATN1	0.012	0.009	0.000	0.003	N	NA	2.4468445918	0.015	0.009	0.000	0.006
COL4A1	0.009	0.009	0.000	0.000	N	NA	2.4145235687	0.009	0.009	0.000	0.000
PDGFRB	0.009	0.009	0.000	0.000	Y	NA	2.3826766076	0.012	0.012	0.000	0.000
PXN	0.006	0.003	0.000	0.003	N	NA	2.3743311833	0.006	0.003	0.000	0.003
CNTN1	0.006	0.003	0.003	0.000	N	NA	2.3293376357	0.006	0.003	0.003	0.000
FBLN1	0.009	0.006	0.003	0.000	N	NA	2.3116063225	0.012	0.006	0.006	0.000
VAMP7	0.009	0.009	0.000	0.000	N	NA	2.2590625270	0.009	0.009	0.000	0.000
SMAD4	0.006	0.006	0.000	0.000	N	NA	2.2515399440	0.006	0.006	0.000	0.000
RYR1	0.012	0.012	0.000	0.000	N	NA	2.2148925502	0.015	0.015	0.000	0.000
RAB3GAP2	0.012	0.009	0.003	0.000	N	NA	2.2133541598	0.012	0.009	0.003	0.000
PRKCD	0.009	0.009	0.000	0.000	N	NA	2.2100562898	0.009	0.009	0.000	0.000
TARDBP	0.006	0.000	0.003	0.003	N	NA	2.2037033410	0.006	0.000	0.003	0.003
IGFBP7	0.012	0.000	0.003	0.009	N	NA	2.2028575547	0.015	0.000	0.003	0.012
GABRG2	0.009	0.009	0.000	0.000	N	NA	2.1977235033	0.009	0.009	0.000	0.000
PTPN11	0.012	0.012	0.000	0.000	Y	NA	2.1841423382	0.012	0.012	0.000	0.000
PLCG1	0.012	0.012	0.000	0.000	N	NA	2.1804880873	0.012	0.012	0.000	0.000
CSNK2B	0.009	0.003	0.003	0.003	N	NA	2.1403021333	0.009	0.003	0.003	0.003
PRKAR1B	0.006	0.000	0.000	0.006	N	NA	2.1336706830	0.012	0.003	0.000	0.009
PRKCB	0.009	0.009	0.000	0.000	N	NA	2.1259498893	0.009	0.009	0.000	0.000
CDH23	0.027	0.009	0.018	0.000	N	NA	2.1224588643	0.030	0.009	0.021	0.000
VLDLR	0.006	0.003	0.003	0.000	N	NA	2.1080309164	0.012	0.003	0.009	0.000
PSMC2	0.006	0.000	0.000	0.006	N	NA	2.1001107851	0.006	0.000	0.000	0.006
SYNJ1	0.006	0.000	0.000	0.006	N	NA	2.0995560448	0.006	0.000	0.000	0.006
ZNF212	0.012	0.000	0.000	0.012	N	NA	2.0944564010	0.012	0.000	0.000	0.012
TRPV6	0.009	0.009	0.000	0.003	N	NA	2.0937176056	0.024	0.021	0.000	0.006
BARD1	0.006	0.006	0.000	0.000	N	NA	2.0882478838	0.006	0.006	0.000	0.000
KIR3DL2	0.006	0.006	0.000	0.000	N	NA	2.0865210730	0.018	0.015	0.003	0.000
TES	0.009	0.000	0.000	0.009	N	NA	2.0863148495	0.018	0.006	0.000	0.012
TSGA14	0.006	0.000	0.000	0.006	N	NA	2.0789679925	0.015	0.000	0.000	0.015
RAD50	0.006	0.003	0.003	0.000	N	NA	2.0581046378	0.006	0.003	0.003	0.000
PRKACG	0.003	0.000	0.003	0.000	N	NA	2.0483607381	0.003	0.000	0.003	0.000
RASA1	0.003	0.000	0.003	0.000	N	NA	2.0483607381	0.003	0.000	0.003	0.000
NCAPH	0.003	0.000	0.000	0.003	N	NA	2.0483607381	0.003	0.000	0.000	0.003
MAPK8IP1	0.003	0.000	0.003	0.000	N	NA	2.0483607381	0.006	0.003	0.003	0.000
PTBP1	0.003	0.000	0.003	0.000	N	NA	2.0483607381	0.009	0.003	0.003	0.003
KALRN	0.006	0.006	0.000	0.000	N	NA	2.0320564733	0.012	0.012	0.000	0.000
FOS	0.003	0.003	0.000	0.000	N	NA	2.0166311379	0.003	0.003	0.000	0.000
ABL1	0.006	0.006	0.000	0.000	Y	NA	1.9910650542	0.006	0.006	0.000	0.000
NOS2	0.003	0.003	0.000	0.000	N	NA	1.9774595844	0.003	0.003	0.000	0.000
RYR3	0.040	0.037	0.003	0.000	N	NA	1.9696918149	0.052	0.049	0.003	0.000
RFC4	0.006	0.003	0.000	0.003	N	NA	1.9605828604	0.006	0.003	0.000	0.003
PARP1	0.006	0.006	0.000	0.000	N	NA	1.9589802499	0.006	0.006	0.000	0.000
PSIP1	0.009	0.000	0.009	0.000	N	NA	1.9550650966	0.012	0.000	0.009	0.003
CTNNB1	0.006	0.006	0.000	0.000	Y	NA	1.9500109370	0.006	0.006	0.000	0.000
GABRA4	0.009	0.009	0.000	0.000	N	NA	1.9483095692	0.012	0.012	0.000	0.000
CCT2	0.024	0.006	0.000	0.018	N	NA	1.9441344249	0.030	0.006	0.000	0.024
DNMT1	0.006	0.003	0.000	0.003	N	NA	1.9371523444	0.006	0.003	0.000	0.003
TUBA3C	0.006	0.006	0.000	0.000	N	NA	1.9345298352	0.012	0.012	0.000	0.000
PTPN6	0.009	0.003	0.000	0.006	N	NA	1.9300013188	0.009	0.003	0.000	0.006
PPARA	0.009	0.003	0.006	0.000	N	NA	1.9257801901	0.009	0.003	0.006	0.000
SLC26A8	0.009	0.006	0.000	0.003	N	NA	1.9234412382	0.012	0.009	0.000	0.003
CHP2	0.006	0.006	0.000	0.000	N	NA	1.8933774406	0.006	0.006	0.000	0.000
ANAPC1	0.006	0.006	0.000	0.000	N	NA	1.8879899797	0.006	0.006	0.000	0.000
FCER1A	0.003	0.003	0.000	0.000	N	NA	1.8831391602	0.006	0.006	0.000	0.000
IGF1R	0.006	0.006	0.000	0.000	N	NA	1.8722642273	0.006	0.006	0.000	0.000
APEX2	0.009	0.003	0.003	0.003	N	NA	1.8605989224	0.009	0.003	0.003	0.003
ITGA10	0.009	0.009	0.000	0.000	N	NA	1.8521789420	0.009	0.009	0.000	0.000
CALML6	0.003	0.000	0.003	0.000	N	NA	1.8342091579	0.003	0.000	0.003	0.000
SDCCAG8	0.009	0.003	0.000	0.006	N	NA	1.8304393291	0.012	0.003	0.000	0.009
JAK1	0.006	0.006	0.000	0.000	Y	NA	1.8011463163	0.006	0.006	0.000	0.000
LAMA4	0.006	0.003	0.003	0.000	N	NA	1.7926768836	0.006	0.003	0.003	0.000
SH3GL3	0.006	0.006	0.000	0.000	N	NA	1.7840204627	0.006	0.006	0.000	0.000
F9	0.009	0.009	0.000	0.000	N	NA	1.7831898103	0.009	0.009	0.000	0.000
COL5A2	0.006	0.006	0.000	0.000	N	NA	1.7773147516	0.006	0.006	0.000	0.000
CDC27	0.015	0.015	0.000	0.000	N	NA	1.7757532991	0.015	0.015	0.000	0.000
RABIF	0.006	0.000	0.000	0.006	N	NA	1.6990821248	0.006	0.000	0.000	0.006
TYK2	0.012	0.009	0.000	0.003	N	NA	1.6886268714	0.012	0.009	0.000	0.003
JAK2	0.006	0.003	0.003	0.000	Y	NA	1.6699909607	0.006	0.003	0.003	0.000
MED13	0.009	0.009	0.000	0.000	N	NA	1.6688293119	0.009	0.009	0.000	0.000
CBL	0.006	0.006	0.000	0.000	Y	NA	1.6545891863	0.006	0.006	0.000	0.000
FGF18	0.006	0.006	0.000	0.000	N	NA	1.6533913586	0.006	0.006	0.000	0.000
COL6A1	0.006	0.006	0.000	0.000	N	NA	1.6303760987	0.006	0.006	0.000	0.000
CACNA1E	0.015	0.015	0.000	0.000	N	NA	1.6157556283	0.015	0.015	0.000	0.000
PIAS1	0.003	0.003	0.000	0.000	N	NA	1.6125425197	0.003	0.003	0.000	0.000
IL12RB2	0.009	0.006	0.000	0.003	N	NA	1.5987074438	0.009	0.006	0.000	0.003
NCAPD2	0.006	0.000	0.000	0.006	N	NA	1.5852180958	0.006	0.000	0.000	0.006
PLCG2	0.009	0.009	0.000	0.000	N	NA	1.5435161019	0.009	0.009	0.000	0.000
PCDH11Y	0.186	0.012	0.183	0.000	N	NA	1.5362987987	0.198	0.015	0.192	0.000
RALGDS	0.006	0.006	0.000	0.000	Y	NA	1.5158096328	0.006	0.006	0.000	0.000
HCLS1	0.009	0.009	0.000	0.000	N	NA	1.4978929864	0.009	0.009	0.000	0.000
PSMD4	0.003	0.003	0.000	0.000	N	NA	1.4740413263	0.003	0.003	0.000	0.000
PRKG2	0.012	0.012	0.000	0.000	N	NA	1.4514503578	0.015	0.015	0.000	0.000
SRI	0.015	0.000	0.000	0.015	N	NA	1.4360861366	0.015	0.000	0.000	0.015
CNTNAP1	0.006	0.006	0.000	0.000	N	NA	1.4229923621	0.006	0.006	0.000	0.000
ADCY9	0.006	0.006	0.000	0.000	N	NA	1.4212422277	0.009	0.009	0.000	0.000
RECQL5	0.006	0.006	0.000	0.000	N	NA	1.4095007300	0.012	0.009	0.000	0.003
ERBB4	0.003	0.003	0.000	0.000	N	NA	1.4045739576	0.003	0.003	0.000	0.000
CDH15	0.006	0.006	0.000	0.000	N	NA	1.3948541491	0.006	0.006	0.000	0.000
SYT1	0.006	0.003	0.000	0.003	N	NA	1.3947190496	0.006	0.003	0.000	0.003
HLA-DRA	0.003	0.003	0.000	0.000	N	NA	1.3816393765	0.003	0.003	0.000	0.000
CACNA1I	0.012	0.009	0.003	0.000	N	NA	1.3648666055	0.012	0.009	0.003	0.000
VAMP1	0.006	0.000	0.000	0.006	N	NA	1.3640678856	0.006	0.000	0.000	0.006
RASGRF1	0.009	0.009	0.000	0.000	N	NA	1.3544657257	0.009	0.009	0.000	0.000
TUBGCP5	0.006	0.003	0.003	0.000	N	NA	1.3519223109	0.009	0.006	0.003	0.000
CTNNA2	0.009	0.009	0.000	0.000	N	NA	1.3435055380	0.009	0.009	0.000	0.000
NUMA1	0.009	0.009	0.000	0.000	Y	NA	1.3415091506	0.012	0.012	0.000	0.000
OFD1	0.006	0.003	0.003	0.000	N	NA	1.3413287242	0.006	0.003	0.003	0.000
CDKN1B	0.006	0.003	0.003	0.000	N	NA	1.3319678634	0.006	0.003	0.003	0.000
PRKCG	0.006	0.006	0.000	0.000	N	NA	1.3318876395	0.006	0.006	0.000	0.000
SYNJ2	0.006	0.006	0.000	0.000	N	NA	1.3204229212	0.009	0.009	0.000	0.000
KLK10	0.003	0.000	0.003	0.000	N	NA	1.2950932681	0.003	0.000	0.003	0.000
GNG12	0.003	0.000	0.000	0.003	N	NA	1.2704613988	0.003	0.000	0.000	0.003
B2M	0.003	0.003	0.000	0.000	N	NA	1.2695202139	0.003	0.003	0.000	0.000
ADCY8	0.003	0.003	0.000	0.000	N	NA	1.2557259150	0.006	0.006	0.000	0.000
SRC	0.006	0.006	0.000	0.000	N	NA	1.2422443342	0.006	0.006	0.000	0.000
PDLIM5	0.003	0.003	0.000	0.000	N	NA	1.2344584085	0.003	0.003	0.000	0.000
PRKG1	0.015	0.003	0.012	0.000	N	NA	1.2303090831	0.018	0.003	0.015	0.000
CACNA1B	0.015	0.015	0.000	0.000	N	NA	1.2198375098	0.015	0.015	0.000	0.000
MYOG	0.003	0.000	0.000	0.003	N	NA	1.1868546691	0.006	0.000	0.000	0.006
PCDHAC2	0.101	0.101	0.000	0.000	N	NA	1.1791993533	0.101	0.101	0.000	0.000
CACNA1H	0.027	0.009	0.018	0.000	N	NA	1.1763910576	0.043	0.012	0.030	0.000
CEP250	0.009	0.009	0.000	0.000	N	NA	1.1707432679	0.009	0.009	0.000	0.000
WT1	0.003	0.003	0.000	0.000	Y	NA	1.1655550893	0.003	0.003	0.000	0.000
INSR	0.003	0.003	0.000	0.000	N	NA	1.1462628635	0.006	0.006	0.000	0.000
RNF8	0.006	0.003	0.000	0.003	N	NA	1.1453829812	0.006	0.003	0.000	0.003
ETS2	0.003	0.000	0.003	0.000	N	NA	1.0890966028	0.003	0.000	0.003	0.000
RPN1	0.003	0.003	0.000	0.000	Y	NA	1.0585687972	0.003	0.003	0.000	0.000
NBN	0.003	0.003	0.000	0.000	N	NA	1.0585687972	0.003	0.003	0.000	0.000
KCNV2	0.006	0.003	0.003	0.000	N	NA	1.0561776179	0.012	0.003	0.009	0.000
CLSPN	0.003	0.003	0.000	0.000	N	NA	1.0439770745	0.003	0.003	0.000	0.000
KCNB2	0.012	0.012	0.000	0.000	N	NA	1.0363430229	0.015	0.015	0.000	0.000
ADCY5	0.006	0.006	0.000	0.000	N	NA	1.0233608256	0.018	0.018	0.000	0.000
S100A4	0.003	0.000	0.000	0.003	N	NA	1.0115059557	0.003	0.000	0.000	0.003
MELK	0.006	0.003	0.003	0.000	N	NA	1.0075545618	0.006	0.003	0.003	0.000
KCNG1	0.009	0.009	0.000	0.000	N	NA	1.0071875411	0.012	0.012	0.000	0.000
PPP3CB	0.018	0.003	0.015	0.000	N	NA	0.9967929601	0.024	0.003	0.021	0.000
COL4A3	0.003	0.003	0.000	0.000	N	NA	0.9839475929	0.003	0.003	0.000	0.000
NFKBIA	0.003	0.003	0.000	0.000	N	NA	0.9834867563	0.003	0.003	0.000	0.000
TJP1	0.006	0.003	0.003	0.000	N	NA	0.9832166336	0.009	0.006	0.003	0.000
CBLB	0.003	0.003	0.000	0.000	Y	NA	0.9717315490	0.003	0.003	0.000	0.000
FGF13	0.003	0.003	0.000	0.000	N	NA	0.9717315490	0.003	0.003	0.000	0.000
RPA2	0.006	0.003	0.003	0.000	N	NA	0.9649151364	0.006	0.003	0.003	0.000
NCAPG	0.006	0.006	0.000	0.000	N	NA	0.9635872518	0.009	0.009	0.000	0.000
PPP2R5D	0.003	0.003	0.000	0.000	N	NA	0.9616076539	0.003	0.003	0.000	0.000
ANK3	0.006	0.003	0.003	0.000	N	NA	0.9519045098	0.012	0.003	0.009	0.000
ITGB2	0.009	0.009	0.000	0.000	N	NA	0.9490993725	0.012	0.012	0.000	0.000
PCM1	0.003	0.003	0.000	0.000	Y	NA	0.9354833262	0.006	0.003	0.003	0.000
PTK2B	0.006	0.006	0.000	0.000	N	NA	0.9193774702	0.006	0.006	0.000	0.000
CSNK2A1	0.003	0.003	0.000	0.000	N	NA	0.9088323261	0.003	0.003	0.000	0.000
HLA-DQB1	0.006	0.000	0.003	0.003	N	NA	0.9058207593	0.006	0.000	0.003	0.003
RUVBL2	0.006	0.006	0.000	0.000	N	NA	0.8886296296	0.006	0.006	0.000	0.000
ITPR1	0.012	0.012	0.000	0.000	N	NA	0.8859128337	0.012	0.012	0.000	0.000
CEBPB	0.003	0.003	0.000	0.000	N	NA	0.8805480584	0.003	0.003	0.000	0.000
CDK5RAP2	0.003	0.003	0.000	0.000	N	NA	0.8650584160	0.006	0.006	0.000	0.000
CACNA1C	0.012	0.012	0.000	0.000	N	NA	0.8502592526	0.015	0.012	0.000	0.003
LILRB3	0.009	0.009	0.000	0.000	N	NA	0.8455548533	0.012	0.009	0.000	0.003
TCF12	0.006	0.006	0.000	0.000	Y	NA	0.8362682673	0.012	0.012	0.000	0.000
PPP1CC	0.003	0.003	0.000	0.000	N	NA	0.8303091691	0.003	0.003	0.000	0.000
CALM1	0.003	0.003	0.000	0.000	N	NA	0.8057123079	0.003	0.003	0.000	0.000
BLM	0.003	0.003	0.000	0.000	Y	NA	0.8057123079	0.003	0.003	0.000	0.000
NKX3-2	0.003	0.003	0.000	0.000	N	NA	0.7938279954	0.006	0.006	0.000	0.000
NFATC1	0.003	0.003	0.000	0.000	N	NA	0.7889046248	0.003	0.003	0.000	0.000
IFNGR1	0.003	0.003	0.000	0.000	N	NA	0.7865587090	0.003	0.003	0.000	0.000
MCM4	0.006	0.006	0.000	0.000	N	NA	0.7804564387	0.006	0.006	0.000	0.000
MCM3	0.006	0.006	0.000	0.000	N	NA	0.7614089352	0.006	0.006	0.000	0.000
AMHR2	0.003	0.003	0.000	0.000	N	NA	0.7568709766	0.003	0.003	0.000	0.000
PCDHGC5	0.104	0.104	0.000	0.000	N	NA	0.7548842896	0.110	0.110	0.000	0.000
GABRA5	0.009	0.006	0.003	0.000	N	NA	0.7530137926	0.009	0.006	0.003	0.000
HSPA8	0.006	0.006	0.000	0.000	N	NA	0.7462377779	0.006	0.006	0.000	0.000
DYNC1H1	0.003	0.000	0.000	0.003	N	NA	0.7332437370	0.003	0.000	0.000	0.003
GRB2	0.003	0.000	0.000	0.003	N	NA	0.7303655755	0.003	0.000	0.000	0.003
FLNB	0.006	0.006	0.000	0.000	N	NA	0.7282331511	0.006	0.006	0.000	0.000
EIF4A1	0.003	0.003	0.000	0.000	N	NA	0.7230663565	0.003	0.003	0.000	0.000
SDC2	0.003	0.003	0.000	0.000	N	NA	0.7009445439	0.003	0.003	0.000	0.000
YWHAH	0.003	0.000	0.003	0.000	N	NA	0.6642611463	0.003	0.000	0.003	0.000
AKAP6	0.009	0.009	0.000	0.000	N	NA	0.6577320435	0.009	0.009	0.000	0.000
NEFH	0.003	0.003	0.000	0.000	N	NA	0.6493039928	0.006	0.006	0.000	0.000
DAPK1	0.003	0.003	0.000	0.000	N	NA	0.6493039928	0.006	0.003	0.003	0.000
NGF	0.006	0.003	0.003	0.000	N	NA	0.6456370956	0.006	0.003	0.003	0.000
IFI16	0.006	0.003	0.000	0.003	N	NA	0.6391798562	0.006	0.003	0.000	0.003
EPS8	0.003	0.003	0.000	0.000	N	NA	0.6381826323	0.006	0.003	0.003	0.000
BCL2	0.003	0.003	0.000	0.000	Y	NA	0.6174731271	0.003	0.003	0.000	0.000
CDC23	0.003	0.003	0.000	0.000	N	NA	0.6107570644	0.003	0.003	0.000	0.000
PPP3CC	0.003	0.000	0.003	0.000	N	NA	0.5897821935	0.003	0.000	0.003	0.000
SPN	0.003	0.003	0.000	0.000	N	NA	0.5783732439	0.003	0.003	0.000	0.000
HLA-DOA	0.003	0.003	0.000	0.000	N	NA	0.5775652054	0.003	0.003	0.000	0.000
MXD1	0.003	0.003	0.000	0.000	N	NA	0.5492723869	0.003	0.003	0.000	0.000
RRM2	0.006	0.003	0.000	0.003	N	NA	0.5484481745	0.006	0.003	0.000	0.003
SOS1	0.003	0.003	0.000	0.000	N	NA	0.5399746466	0.003	0.003	0.000	0.000
SMC2	0.003	0.003	0.000	0.000	N	NA	0.5348789980	0.003	0.003	0.000	0.000
ROCK2	0.006	0.003	0.000	0.003	N	NA	0.5310699608	0.006	0.003	0.000	0.003
NEK2	0.006	0.003	0.003	0.000	N	NA	0.5220057135	0.006	0.003	0.003	0.000
PLCB1	0.003	0.003	0.000	0.000	N	NA	0.5113819619	0.003	0.003	0.000	0.000
RAN	0.003	0.000	0.003	0.000	N	NA	0.5081412771	0.003	0.000	0.003	0.000
MAP2K3	0.003	0.003	0.000	0.000	N	NA	0.4746651908	0.003	0.003	0.000	0.000
GNAO1	0.003	0.003	0.000	0.000	N	NA	0.4746651908	0.003	0.003	0.000	0.000
ANAPC7	0.003	0.003	0.000	0.000	N	NA	0.4513395811	0.003	0.003	0.000	0.000
IL7	0.003	0.003	0.000	0.000	N	NA	0.4196840536	0.003	0.003	0.000	0.000
NID1	0.003	0.003	0.000	0.000	N	NA	0.4076150801	0.003	0.003	0.000	0.000
DDB1	0.003	0.003	0.000	0.000	N	NA	0.3778647396	0.003	0.003	0.000	0.000
PDZD2	0.006	0.006	0.000	0.000	N	NA	0.3501931774	0.009	0.009	0.000	0.000
CCL3L1	0.003	0.000	0.003	0.000	N	NA	0.3490854100	0.021	0.000	0.009	0.012
ELAVL2	0.088	0.006	0.082	0.000	N	NA	0.3433767930	0.143	0.006	0.137	0.000
FZD10	0.006	0.003	0.003	0.000	N	NA	0.3291787511	0.012	0.009	0.003	0.000
CDH18	0.021	0.021	0.000	0.000	N	NA	0.3160765684	0.027	0.027	0.000	0.000
TGFBI	0.003	0.003	0.000	0.000	N	NA	0.3105791720	0.003	0.003	0.000	0.000
GRID2	0.003	0.003	0.000	0.000	N	NA	0.3083666793	0.006	0.006	0.000	0.000
MLL	0.006	0.006	0.000	0.000	Y	NA	0.3024945676	0.009	0.009	0.000	0.000
GRIN2C	0.006	0.006	0.000	0.000	N	NA	0.3000730601	0.006	0.006	0.000	0.000
NTRK1	0.003	0.003	0.000	0.000	Y	NA	0.2708939030	0.006	0.006	0.000	0.000
PDGFD	0.006	0.006	0.000	0.000	N	NA	0.2684277202	0.006	0.006	0.000	0.000
SP1	0.003	0.003	0.000	0.000	N	NA	0.2548639870	0.003	0.003	0.000	0.000
F10	0.003	0.003	0.000	0.000	N	NA	0.2212164443	0.003	0.003	0.000	0.000
CCNF	0.003	0.000	0.000	0.003	N	NA	0.2131029250	0.003	0.000	0.000	0.003
PCDHA10	0.024	0.000	0.021	0.003	N	NA	0.1999396449	0.024	0.000	0.021	0.003
RAF1	0.003	0.003	0.000	0.000	Y	NA	0.1878175610	0.003	0.003	0.000	0.000
FAT2	0.027	0.027	0.000	0.000	N	NA	0.1772974425	0.027	0.027	0.000	0.000
PTPRM	0.003	0.003	0.000	0.000	N	NA	0.1730448316	0.009	0.009	0.000	0.000
PCDH15	0.024	0.009	0.015	0.000	N	NA	0.1621014959	0.027	0.009	0.018	0.000
TAP1	0.003	0.003	0.000	0.000	N	NA	0.1442195203	0.003	0.003	0.000	0.000
CDH9	0.021	0.021	0.000	0.000	N	NA	0.1371176497	0.021	0.021	0.000	0.000
PCDH19	0.018	0.018	0.000	0.000	N	NA	0.1264633204	0.018	0.018	0.000	0.000
SGCB	0.003	0.000	0.000	0.003	N	NA	0.1210542735	0.024	0.000	0.000	0.024
CD1C	0.003	0.000	0.000	0.003	N	NA	0.1190639583	0.006	0.000	0.000	0.006
DACH1	0.003	0.003	0.000	0.000	N	NA	0.1090282965	0.006	0.003	0.003	0.000
PCDHA8	0.012	0.000	0.003	0.009	N	NA	0.1084569820	0.012	0.000	0.003	0.009
GABBR2	0.003	0.003	0.000	0.000	N	NA	0.0962701995	0.006	0.006	0.000	0.000
PCDH9	0.012	0.009	0.003	0.000	N	NA	0.0939015984	0.015	0.012	0.003	0.000
CELSR1	0.012	0.009	0.003	0.000	N	NA	0.0934110954	0.015	0.009	0.006	0.000
TUBA4B	0.003	0.003	0.000	0.000	N	NA	0.0896039653	0.003	0.003	0.000	0.000
SREBF1	0.003	0.003	0.000	0.000	N	NA	0.0885566318	0.003	0.003	0.000	0.000
MAP3K4	0.009	0.006	0.003	0.000	N	NA	0.0867416238	0.009	0.006	0.003	0.000
MYF5	0.006	0.006	0.000	0.000	N	NA	0.0835902251	0.006	0.006	0.000	0.000
DCHS2	0.015	0.015	0.000	0.000	N	NA	0.0832559285	0.015	0.015	0.000	0.000
GRASP	0.003	0.000	0.000	0.003	N	NA	0.0808343437	0.003	0.000	0.000	0.003
PCDH11X	0.018	0.018	0.000	0.000	N	NA	0.0804984838	0.024	0.024	0.000	0.000
SFI1	0.009	0.003	0.006	0.000	N	NA	0.0782151281	0.012	0.006	0.006	0.000
HLF	0.003	0.003	0.000	0.000	Y	NA	0.0780464685	0.003	0.003	0.000	0.000
CD79B	0.003	0.000	0.003	0.000	Y	NA	0.0772548319	0.006	0.000	0.006	0.000
SNAPIN	0.003	0.000	0.000	0.003	N	NA	0.0749199383	0.003	0.000	0.000	0.003
PCDH7	0.012	0.012	0.000	0.000	N	NA	0.0735478559	0.012	0.012	0.000	0.000
FOXG1	0.003	0.003	0.000	0.000	N	NA	0.0696377367	0.009	0.009	0.000	0.000
PCDHB4	0.006	0.006	0.000	0.000	N	NA	0.0658359932	0.006	0.006	0.000	0.000
CELSR3	0.012	0.012	0.000	0.000	N	NA	0.0655545871	0.012	0.012	0.000	0.000
RASSF5	0.003	0.003	0.000	0.003	N	NA	0.0645566594	0.003	0.003	0.000	0.003
HNRNPH3	0.003	0.003	0.000	0.000	N	NA	0.0608875774	0.021	0.003	0.018	0.000
PCDHB13	0.012	0.012	0.000	0.000	N	NA	0.0594724214	0.012	0.012	0.000	0.000
CEP70	0.006	0.006	0.000	0.000	N	NA	0.0585483282	0.009	0.006	0.000	0.003
TJP3	0.003	0.003	0.000	0.000	N	NA	0.0574358331	0.009	0.009	0.000	0.000
KLC2	0.003	0.003	0.000	0.000	N	NA	0.0564775857	0.003	0.003	0.000	0.000
LRP8	0.003	0.003	0.000	0.000	N	NA	0.0563067201	0.003	0.003	0.000	0.000
PLAT	0.003	0.003	0.000	0.000	N	NA	0.0534017664	0.006	0.006	0.000	0.000
SVEP1	0.012	0.012	0.000	0.000	N	NA	0.0526075987	0.012	0.012	0.000	0.000
CD97	0.003	0.003	0.000	0.000	N	NA	0.0495609504	0.003	0.003	0.000	0.000
NCL	0.003	0.003	0.000	0.000	N	NA	0.0460196729	0.003	0.003	0.000	0.000
MAPKAPK3	0.003	0.003	0.000	0.000	N	NA	0.0452145964	0.003	0.003	0.000	0.000
PCDHB2	0.003	0.003	0.000	0.000	N	NA	0.0449687484	0.003	0.003	0.000	0.000
S100A8	0.006	0.003	0.000	0.003	N	NA	0.0444689920	0.009	0.006	0.000	0.003
NAP1L1	0.003	0.003	0.000	0.000	N	NA	0.0439385460	0.009	0.003	0.000	0.006
KCNH1	0.006	0.006	0.000	0.000	N	NA	0.0404112555	0.012	0.009	0.003	0.000
FRYL	0.003	0.003	0.000	0.000	N	NA	0.0398814411	0.009	0.009	0.000	0.000
KCNB1	0.006	0.006	0.000	0.000	N	NA	0.0393887191	0.006	0.006	0.000	0.000
GLIS1	0.003	0.003	0.000	0.000	N	NA	0.0389912426	0.009	0.009	0.000	0.000
MAPK15	0.003	0.003	0.000	0.000	N	NA	0.0389809280	0.003	0.003	0.000	0.000
KCNV1	0.006	0.006	0.000	0.000	N	NA	0.0354050084	0.009	0.006	0.000	0.003
CDH20	0.003	0.000	0.003	0.000	N	NA	0.0339507535	0.003	0.000	0.003	0.000
PCDHB6	0.006	0.006	0.000	0.000	N	NA	0.0337396637	0.006	0.006	0.000	0.000
EEF1A1	0.009	0.009	0.000	0.000	N	NA	0.0324085028	0.012	0.012	0.000	0.000
CDH8	0.006	0.003	0.000	0.003	N	NA	0.0318723952	0.006	0.003	0.000	0.003
DCHS1	0.006	0.006	0.000	0.000	N	NA	0.0312026713	0.006	0.006	0.000	0.000
HOXC8	0.003	0.000	0.003	0.000	N	NA	0.0302747294	0.003	0.000	0.003	0.000
DNM1L	0.003	0.000	0.000	0.003	N	NA	0.0296060400	0.009	0.000	0.003	0.006
CDH19	0.006	0.006	0.000	0.000	N	NA	0.0294282817	0.006	0.006	0.000	0.000
KCNS3	0.006	0.003	0.000	0.003	N	NA	0.0290097061	0.009	0.003	0.000	0.006
RAD21	0.003	0.003	0.000	0.000	N	NA	0.0277844185	0.003	0.003	0.000	0.000
KIFC3	0.003	0.003	0.000	0.000	N	NA	0.0266056509	0.003	0.003	0.000	0.000
CDH13	0.006	0.006	0.000	0.000	N	NA	0.0260694092	0.006	0.006	0.000	0.000
MNDA	0.003	0.003	0.000	0.000	N	NA	0.0255816733	0.006	0.003	0.000	0.003
NDN	0.003	0.003	0.000	0.000	N	NA	0.0250571537	0.006	0.006	0.000	0.000
AQP1	0.006	0.000	0.000	0.006	N	NA	0.0239928758	0.018	0.000	0.000	0.018
SLIT3	0.006	0.006	0.000	0.000	N	NA	0.0231493422	0.030	0.030	0.000	0.000
ADCY2	0.006	0.006	0.000	0.000	N	NA	0.0217335387	0.009	0.009	0.000	0.000
CDH17	0.003	0.000	0.000	0.003	N	NA	0.0216220698	0.003	0.000	0.000	0.003
MAG	0.003	0.003	0.000	0.000	N	NA	0.0214823797	0.009	0.009	0.000	0.000
KIF15	0.003	0.003	0.000	0.000	N	NA	0.0209547359	0.003	0.003	0.000	0.000
PPP1R1A	0.003	0.000	0.000	0.003	N	NA	0.0207843771	0.006	0.000	0.000	0.006
ACVR1B	0.003	0.000	0.000	0.003	N	NA	0.0207395955	0.003	0.000	0.000	0.003
CDH22	0.003	0.003	0.000	0.000	N	NA	0.0203276333	0.003	0.003	0.000	0.000
GPC2	0.006	0.000	0.000	0.006	N	NA	0.0201920617	0.006	0.000	0.000	0.006
SCML2	0.006	0.006	0.000	0.000	N	NA	0.0194011362	0.006	0.006	0.000	0.000
GYG2	0.006	0.000	0.006	0.000	N	NA	0.0193392541	0.006	0.000	0.006	0.000
SSRP1	0.003	0.003	0.000	0.000	N	NA	0.0190705753	0.003	0.003	0.000	0.000
HOXA2	0.003	0.000	0.000	0.003	N	NA	0.0189619649	0.015	0.003	0.000	0.012
MVP	0.003	0.003	0.000	0.000	N	NA	0.0184460642	0.009	0.009	0.000	0.000
ADCY6	0.003	0.000	0.000	0.003	N	NA	0.0182112912	0.015	0.006	0.003	0.006
IL32	0.003	0.003	0.000	0.000	N	NA	0.0180972227	0.003	0.003	0.000	0.000
XIAP	0.003	0.000	0.003	0.000	N	NA	0.0177929603	0.003	0.000	0.003	0.000
TPX2	0.003	0.003	0.000	0.000	N	NA	0.0172664682	0.003	0.003	0.000	0.000
RBMX	0.003	0.003	0.000	0.000	N	NA	0.0170395499	0.009	0.006	0.000	0.003
ELAVL1	0.003	0.003	0.000	0.000	N	NA	0.0170294222	0.003	0.003	0.000	0.000
CACNA1G	0.003	0.003	0.000	0.000	N	NA	0.0163626650	0.003	0.003	0.000	0.000
PIP5K1C	0.003	0.003	0.000	0.000	N	NA	0.0158659070	0.003	0.003	0.000	0.000
CUGBP2	0.003	0.000	0.000	0.003	N	NA	0.0153810581	0.012	0.000	0.009	0.003
NXF1	0.003	0.003	0.000	0.000	N	NA	0.0153383243	0.003	0.003	0.000	0.000
DOCK1	0.003	0.003	0.000	0.000	N	NA	0.0130957946	0.030	0.012	0.018	0.000
CELSR2	0.003	0.003	0.000	0.000	N	NA	0.0125827212	0.003	0.003	0.000	0.000
AKAP8	0.003	0.003	0.000	0.000	N	NA	0.0122357309	0.003	0.003	0.000	0.000
SRPR	0.003	0.003	0.000	0.000	N	NA	0.0116245313	0.006	0.006	0.000	0.000
PCDH24	0.003	0.000	0.000	0.003	N	NA	0.0111746341	0.003	0.000	0.000	0.003
DYRK1B	0.003	0.000	0.000	0.003	N	NA	0.0111445574	0.003	0.000	0.000	0.003
NLRP12	0.003	0.003	0.000	0.000	N	NA	0.0109346971	0.021	0.021	0.000	0.000
CKAP5	0.003	0.003	0.000	0.000	N	NA	0.0109306850	0.003	0.003	0.000	0.000
PSMA5	0.003	0.003	0.000	0.000	N	NA	0.0107573780	0.003	0.003	0.000	0.000
IKBKE	0.003	0.000	0.000	0.003	N	NA	0.0104079307	0.003	0.000	0.000	0.003
MYOD1	0.003	0.003	0.000	0.000	N	NA	0.0097129416	0.003	0.003	0.000	0.000
CTBP1	0.003	0.000	0.003	0.000	N	NA	0.0095831147	0.006	0.000	0.006	0.000
P2RX2	0.003	0.003	0.000	0.000	N	NA	0.0094206453	0.003	0.003	0.000	0.000
PPARG	0.003	0.003	0.000	0.000	Y	NA	0.0093547970	0.003	0.003	0.000	0.000
RBBP4	0.003	0.003	0.000	0.000	N	NA	0.0092637881	0.003	0.003	0.000	0.000
VASP	0.003	0.003	0.000	0.000	N	NA	0.0092538186	0.003	0.003	0.000	0.000
CSNK1G1	0.003	0.003	0.000	0.000	N	NA	0.0090672092	0.003	0.003	0.000	0.000
ZNF274	0.003	0.003	0.000	0.000	N	NA	0.0089835258	0.006	0.006	0.000	0.000
PCDHB5	0.003	0.003	0.000	0.000	N	NA	0.0089487234	0.006	0.006	0.000	0.000
PLCZ1	0.003	0.000	0.000	0.003	N	NA	0.0089477027	0.009	0.003	0.003	0.003
GLIS3	0.003	0.000	0.003	0.000	N	NA	0.0087287151	0.006	0.000	0.006	0.000
PHKA1	0.003	0.003	0.000	0.000	N	NA	0.0087211091	0.006	0.006	0.000	0.000
POLA1	0.003	0.003	0.000	0.000	N	NA	0.0085885490	0.003	0.003	0.000	0.000
MRE11A	0.003	0.003	0.000	0.000	N	NA	0.0084544282	0.003	0.003	0.000	0.000
TUBG1	0.003	0.003	0.000	0.000	N	NA	0.0084239694	0.006	0.006	0.000	0.000
FOXO3	0.003	0.000	0.000	0.003	N	NA	0.0084170816	0.009	0.003	0.003	0.003
GNA15	0.003	0.003	0.000	0.000	N	NA	0.0082908175	0.003	0.003	0.000	0.000
SLC4A2	0.003	0.003	0.000	0.000	N	NA	0.0081621853	0.018	0.006	0.000	0.012
MEN1	0.003	0.003	0.000	0.000	Y	NA	0.0080186561	0.009	0.009	0.000	0.000
IL12B	0.003	0.003	0.000	0.000	N	NA	0.0079262257	0.003	0.003	0.000	0.000
PIK3R5	0.003	0.003	0.000	0.000	N	NA	0.0078298862	0.003	0.003	0.000	0.000
MYBL1	0.003	0.003	0.000	0.000	N	NA	0.0078105414	0.003	0.003	0.000	0.000
TAX1BP1	0.003	0.000	0.000	0.003	N	NA	0.0077597412	0.015	0.000	0.000	0.015
GLI2	0.003	0.003	0.000	0.000	N	NA	0.0076305574	0.003	0.003	0.000	0.000
