SAMPLE_ID	DRIVER	IMPACT_SCORE	IS_DEREGULATED	MODULE_SIZE	NUM_DRIVERS
0	CDKN2A	377.255	0	92	5
0	NF1	377.255	0	92	5
0	PTEN	377.255	0	92	5
0	TP53	377.255	0	92	5
0	CDKN2B	377.255	0	92	5
1	AKAP6	6.850	0	2	1
1	CDK4	472.186	1	116	7
1	TP53	472.186	0	116	7
1	EGFR	472.186	0	116	7
1	HLA-DRB1	472.186	1	116	7
1	PIK3R1	472.186	1	116	7
1	DCTN2	472.186	0	116	7
1	GLI1	472.186	0	116	7
1	SEC61G	8.567	0	3	1
2	ACTB	651.903	0	152	16
2	AMPH	651.903	1	152	16
2	EGFR	651.903	0	152	16
2	GLI3	651.903	0	152	16
2	HNRNPA2B1	651.903	0	152	16
2	ITGB8	651.903	0	152	16
2	PIK3C2B	651.903	0	152	16
2	PPIA	651.903	0	152	16
2	PSMA2	651.903	0	152	16
2	PTEN	651.903	0	152	16
2	RAC1	651.903	0	152	16
2	RB1	651.903	0	152	16
2	SEC61G	651.903	0	152	16
2	IKZF1	651.903	0	152	16
2	IGFBP3	651.903	0	152	16
2	ADCYAP1R1	651.903	0	152	16
2	RALA	7.737	0	2	1
3	CD3G	861.755	0	214	5
3	FLI1	861.755	0	214	5
3	SEC61G	861.755	0	214	5
3	CDKN2A	861.755	0	214	5
3	CDKN2B	861.755	0	214	5
3	ELAVL2	5.598	0	1	1
3	PCDHA8	21.109	0	5	1
4	ADAM12	681.109	0	167	14
4	ATR	681.109	0	167	14
4	MSH6	681.109	0	167	14
4	TP53	681.109	0	167	14
4	EGFR	681.109	0	167	14
4	FN1	681.109	0	167	14
4	ITGB3	681.109	0	167	14
4	NF1	681.109	0	167	14
4	ATM	681.109	0	167	14
4	CDKN2A	681.109	0	167	14
4	TSC2	681.109	0	167	14
4	MET	681.109	0	167	14
4	ING3	681.109	0	167	14
4	ASPM	681.109	1	167	14
4	DOCK1	4.295	0	1	1
4	HLA-DRB1	16.431	0	3	1
4	PCDHA10	21.034	0	5	1
5	TP53	404.627	1	91	1
6	CDKN2A	261.969	0	64	7
6	RRM2	261.969	1	64	7
6	CEP135	261.969	1	64	7
6	NTRK1	261.969	0	64	7
6	ROCK2	261.969	0	64	7
6	PTEN	261.969	0	64	7
6	CDKN2B	261.969	0	64	7
6	FGFR2	11.082	0	3	2
6	KIT	11.082	0	3	2
6	FZD4	3.471	0	1	1
6	ITGB2	5.913	0	2	1
6	KLHL9	13.449	1	4	1
6	PCDH11Y	10.978	0	3	1
7	ANK2	387.226	0	101	16
7	COL1A1	387.226	0	101	16
7	COL4A1	387.226	1	101	16
7	COL6A2	387.226	1	101	16
7	CTNNB1	387.226	0	101	16
7	FGFR1	387.226	0	101	16
7	ITGB3	387.226	0	101	16
7	CDKN2A	387.226	0	101	16
7	CDKN2B	387.226	0	101	16
7	CTDSP2	387.226	0	101	16
7	MYST4	387.226	0	101	16
7	VLDLR	387.226	0	101	16
7	CDH23	387.226	0	101	16
7	PTEN	387.226	0	101	16
7	MET	387.226	0	101	16
7	MLLT4	387.226	0	101	16
7	KLHL9	3.370	0	1	1
8	CDKN2A	2.989	0	1	1
8	EGFR	104.333	1	28	1
8	FLNC	10.315	0	3	1
8	SFI1	2.989	0	1	1
9	EGFR	598.738	0	145	4
9	PIK3R1	598.738	1	145	4
9	SEC61G	598.738	0	145	4
9	PTEN	598.738	0	145	4
10	CDKN2A	2.962	0	1	1
10	EGFR	88.836	1	25	1
10	ELAVL2	3.009	0	1	1
11	CDKN2A	456.208	0	106	6
11	KDR	456.208	0	106	6
11	TP53	456.208	0	106	6
11	CDKN2B	456.208	0	106	6
11	ING3	456.208	0	106	6
11	KIT	456.208	1	106	6
12	PCDH11Y	18.697	0	5	1
12	PRKY	339.669	0	82	4
12	PSMD13	339.669	0	82	4
12	TP53	339.669	0	82	4
12	TBL1Y	339.669	0	82	4
13	TP53	195.290	0	52	1
14	CDKN2A	344.771	0	77	3
14	CDKN2B	344.771	0	77	3
14	PTEN	344.771	0	77	3
15	ANK1	380.012	0	89	9
15	COL6A2	380.012	0	89	9
15	EP300	380.012	0	89	9
15	HLA-DRB1	380.012	1	89	9
15	NF1	380.012	0	89	9
15	PIK3R1	380.012	0	89	9
15	SMAD4	380.012	0	89	9
15	TEK	380.012	0	89	9
15	FGFR4	380.012	0	89	9
15	KCNG1	6.273	0	2	1
16	FGFR2	290.232	0	67	4
16	PIK3CA	290.232	0	67	4
16	RB1	290.232	0	67	4
16	TP53	290.232	0	67	4
16	ITGA7	13.593	0	3	1
17	HLA-DRB1	19.061	0	4	1
17	PCDH11Y	16.765	0	4	1
17	PRKY	184.487	0	39	2
17	TP53	184.487	0	39	2
17	TBL1Y	6.178	0	2	1
18	EGFR	487.768	0	108	3
18	HLA-DRB1	487.768	1	108	3
18	PTEN	487.768	1	108	3
19	CD3G	403.252	0	91	9
19	CHEK1	403.252	0	91	9
19	COL1A1	403.252	1	91	9
19	EGFR	403.252	0	91	9
19	PIK3C2B	403.252	0	91	9
19	POU2F1	403.252	0	91	9
19	NTRK3	403.252	1	91	9
19	CDKN2A	403.252	0	91	9
19	CDKN2B	403.252	0	91	9
19	MYST4	2.770	0	1	1
20	CD3G	410.614	0	99	7
20	CDK4	410.614	1	99	7
20	EGFR	410.614	0	99	7
20	PRKY	410.614	0	99	7
20	SEC61G	410.614	0	99	7
20	TP53	410.614	0	99	7
20	TBL1Y	410.614	0	99	7
20	PCDH11Y	16.947	0	4	1
21	CELSR1	17.693	0	4	2
21	PCDHGC5	17.693	0	4	2
21	CREBBP	281.702	0	66	6
21	LAMA2	281.702	0	66	6
21	PDGFRA	281.702	1	66	6
21	PIK3CA	281.702	0	66	6
21	RYR2	281.702	0	66	6
21	PLG	281.702	0	66	6
22	CCT6A	286.467	1	80	7
22	CDK6	286.467	0	80	7
22	CDKN2A	286.467	0	80	7
22	TP53	286.467	0	80	7
22	PIK3R1	286.467	0	80	7
22	FLT1	286.467	0	80	7
22	CDKN2B	286.467	0	80	7
22	PCDH11Y	3.587	0	1	1
22	PRKY	8.924	0	3	1
22	SEC61G	6.593	1	2	1
23	MDM2	379.952	0	89	3
23	PTEN	379.952	0	89	3
23	RB1	379.952	0	89	3
24	CD3G	16.239	0	4	1
24	EGFR	257.423	0	57	2
24	TP53	257.423	0	57	2
26	TP53	337.389	0	79	1
27	ADCY6	5.973	0	2	1
27	CACNB3	1131.507	0	290	18
27	CCT2	1131.507	0	290	18
27	CDK4	1131.507	0	290	18
27	COL2A1	1131.507	0	290	18
27	ERBB3	1131.507	0	290	18
27	FGFR1	1131.507	0	290	18
27	FRS2	1131.507	0	290	18
27	GLI1	1131.507	0	290	18
27	IFNG	1131.507	0	290	18
27	ITGA7	1131.507	0	290	18
27	LRP1	1131.507	0	290	18
27	PTPRB	1131.507	1	290	18
27	STAT6	1131.507	0	290	18
27	DCTN2	1131.507	0	290	18
27	MDM2	1131.507	0	290	18
27	SMARCC2	1131.507	0	290	18
27	CNOT2	1131.507	0	290	18
27	KIF5A	1131.507	1	290	18
27	PPP1R1A	6.817	1	2	1
28	ANK2	116.412	0	25	1
28	CDKN2B	5.654	0	2	1
28	ELAVL2	5.988	0	1	1
29	PIK3R1	285.984	0	70	1
30	BMI1	210.161	0	53	7
30	CEP135	210.161	1	53	7
30	ERBB2	210.161	0	53	7
30	PPP2R5D	210.161	0	53	7
30	PRKCQ	210.161	0	53	7
30	KDR	210.161	0	53	7
30	KIT	210.161	0	53	7
30	CALML5	23.727	0	7	1
30	CUGBP2	5.045	0	1	1
30	EPC1	4.097	0	1	1
30	IGFBP7	12.483	0	3	1
30	ITGA8	55.739	0	13	2
30	ITGB1	55.739	0	13	2
30	PCDH9	18.669	1	6	1
31	HSPA8	2.968	0	1	1
31	PCDH11Y	7.278	0	2	1
31	PRKY	10.193	0	3	1
32	CACNA1H	9.870	0	3	1
32	CDKN2A	401.816	0	108	9
32	CNTN2	401.816	0	108	9
32	MDM2	401.816	1	108	9
32	MDM4	401.816	1	108	9
32	RABIF	401.816	0	108	9
32	CDKN2B	401.816	0	108	9
32	MYOG	401.816	0	108	9
32	PIK3C2B	401.816	0	108	9
32	TEK	401.816	0	108	9
32	ELAVL2	3.228	0	1	1
32	SEC61G	14.808	1	5	1
33	CDK4	390.139	1	103	5
33	PIK3R1	390.139	0	103	5
33	TP53	390.139	0	103	5
33	KIT	390.139	1	103	5
33	HLA-A	390.139	0	103	5
34	CHEK2	384.318	0	102	7
34	HLA-DRB1	384.318	1	102	7
34	TP53	384.318	0	102	7
34	PRKY	384.318	0	102	7
34	PTEN	384.318	0	102	7
34	NF1	384.318	0	102	7
34	TBL1Y	384.318	0	102	7
34	PCDH11Y	12.411	0	3	1
35	BMPR1B	3.615	0	1	1
35	CDH20	11.136	0	3	1
35	HLA-DRB1	19.220	1	5	1
35	PTEN	11.869	0	3	1
36	CACNA1H	6.902	0	2	1
36	ERBB2	55.926	0	17	2
36	TP53	55.926	0	17	2
37	ANK1	6.610	0	2	1
37	BCR	418.029	0	119	18
37	CBL	418.029	0	119	18
37	ERBB3	418.029	1	119	18
37	NOS3	418.029	0	119	18
37	TP53	418.029	0	119	18
37	CDKN2A	418.029	0	119	18
37	PGR	418.029	0	119	18
37	MSH6	418.029	0	119	18
37	COL1A1	418.029	0	119	18
37	COL6A2	418.029	0	119	18
37	FN1	418.029	0	119	18
37	ITGB3	418.029	0	119	18
37	DSP	418.029	0	119	18
37	LYN	418.029	1	119	18
37	PRKCA	418.029	0	119	18
37	GLI3	418.029	0	119	18
37	KIT	418.029	0	119	18
37	PDGFRB	418.029	0	119	18
37	ELAVL2	3.205	0	1	1
37	PCDH24	3.665	0	1	1
38	CHL1	5.879	1	2	1
38	TP53	86.303	0	24	1
39	HLA-DRB1	121.283	1	29	1
40	CDKN2A	47.392	0	15	2
40	CDKN2B	47.392	0	15	2
40	NF1	2.831	0	1	1
41	CDKN2A	294.980	0	89	5
41	EGFR	294.980	1	89	5
41	ERBB2	294.980	0	89	5
41	PIK3R1	294.980	0	89	5
41	TP53	294.980	0	89	5
42	BCAR1	387.579	0	105	10
42	CDK4	387.579	1	105	10
42	IFNG	387.579	0	105	10
42	NBN	387.579	0	105	10
42	DCTN2	387.579	1	105	10
42	RPN1	387.579	1	105	10
42	PTEN	387.579	0	105	10
42	MDM2	387.579	0	105	10
42	HLA-DRB1	387.579	0	105	10
42	CCT2	387.579	0	105	10
42	CTDSP2	2.569	0	1	1
43	BCR	288.244	0	77	7
43	CD3G	288.244	0	77	7
43	CDK4	288.244	1	77	7
43	MDM2	288.244	1	77	7
43	CTDSP2	288.244	1	77	7
43	PTPRB	288.244	0	77	7
43	FRS2	288.244	1	77	7
43	CCT2	17.780	1	5	1
44	CDKN2B	15.401	0	5	2
44	HLA-DRB1	15.401	0	5	2
45	ERBB2	277.178	0	68	2
45	NF1	277.178	0	68	2
45	PRKDC	3.082	0	1	1
46	ERBB2	162.581	0	43	2
46	PTEN	162.581	0	43	2
46	HLA-DRB1	22.161	0	6	1
46	PRKDC	13.385	0	4	1
47	ATM	400.701	0	103	20
47	CDKN2A	400.701	0	103	20
47	CHL1	400.701	1	103	20
47	MET	400.701	0	103	20
47	NOS3	400.701	0	103	20
47	PIK3CG	400.701	0	103	20
47	PIK3R1	400.701	0	103	20
47	TP53	400.701	1	103	20
47	VAV2	400.701	0	103	20
47	PRKDC	400.701	0	103	20
47	EP300	400.701	0	103	20
47	MSH6	400.701	0	103	20
47	COL6A3	400.701	0	103	20
47	FBLN1	400.701	0	103	20
47	FLI1	400.701	0	103	20
47	FN1	400.701	0	103	20
47	FGFR4	400.701	0	103	20
47	MYST4	400.701	0	103	20
47	KALRN	400.701	0	103	20
47	PDGFRB	400.701	0	103	20
48	CACNA1H	2.522	0	1	1
48	CDKN2A	2.626	0	1	2
48	CDKN2B	2.626	0	1	2
48	ERBB2	122.440	0	35	1
49	CDKN2A	23.167	0	8	3
49	MELK	23.167	1	8	3
49	CDKN2B	23.167	0	8	3
49	KLHL9	2.505	0	1	1
49	PTEN	7.489	0	2	1
50	ATRX	324.847	0	89	6
50	CDKN2A	324.847	0	89	6
50	TP53	324.847	1	89	6
50	PIK3CD	324.847	1	89	6
50	CDKN2B	324.847	0	89	6
50	KLHL9	324.847	0	89	6
50	PCDH11Y	12.106	0	4	1
50	PRKY	3.180	0	1	1
50	RALGDS	12.980	0	4	1
50	TRPV6	2.684	0	1	1
51	CCT6A	9.585	1	2	1
51	CDK4	475.315	1	141	12
51	DDIT3	475.315	1	141	12
51	EGFR	475.315	1	141	12
51	PIK3CA	475.315	0	141	12
51	TP53	475.315	1	141	12
51	IKZF1	475.315	0	141	12
51	ITGAM	475.315	0	141	12
51	TGFBR1	475.315	0	141	12
51	DCTN2	475.315	0	141	12
51	GLI1	475.315	1	141	12
51	KIT	475.315	1	141	12
51	GRB10	475.315	0	141	12
51	SEC61G	9.181	1	3	1
52	ATR	3.822	0	1	1
52	CDKN2A	258.257	0	62	5
52	CDKN2B	258.257	0	62	5
52	HLA-DRB1	258.257	1	62	5
52	GABRA6	258.257	0	62	5
52	GABRB2	258.257	0	62	5
52	MCM7	5.543	0	2	1
52	SEC61G	19.557	1	6	1
53	CDKN2A	332.287	0	91	6
53	CDKN2B	332.287	0	91	6
53	EGFR	332.287	1	91	6
53	EZR	332.287	0	91	6
53	TTN	332.287	0	91	6
53	LRP1	332.287	0	91	6
53	KCNB2	5.539	0	2	1
53	PCDHB4	10.755	0	3	1
53	RYR2	21.906	1	7	1
54	CACNA1S	9.477	0	3	1
54	PCDH11Y	7.764	0	2	1
54	PRKY	10.572	0	3	1
54	PTEN	204.544	0	50	4
54	PTPN6	204.544	0	50	4
54	RIMS2	204.544	1	50	4
54	VCAN	204.544	1	50	4
54	RNF8	8.789	0	3	1
54	SMARCA2	12.843	0	4	1
55	CDH23	261.682	0	67	7
55	EGFR	261.682	1	67	7
55	CTNNB1	261.682	0	67	7
55	HLA-DRB1	261.682	0	67	7
55	NFATC1	261.682	0	67	7
55	KDR	261.682	0	67	7
55	PTEN	261.682	0	67	7
55	RYR2	25.362	1	8	1
55	ZNF274	2.947	0	1	1
56	COL1A2	5.364	0	2	1
56	HLA-DRB1	5.750	0	2	1
56	PCDH11Y	3.766	0	1	2
56	PCDH9	3.766	0	1	2
56	PLCG2	23.899	0	8	3
56	RYR3	23.899	0	8	3
56	PRKY	23.899	0	8	3
56	TGFBR1	2.503	0	1	1
57	CDKN2A	2.504	0	1	1
57	EGFR	75.007	1	22	1
57	ELAVL2	3.760	0	1	1
57	HLA-DRB1	12.906	0	4	1
58	ATN1	29.313	0	9	2
58	CD79B	29.313	0	9	2
58	KALRN	263.796	0	71	5
58	PIK3R1	263.796	0	71	5
58	TP53	263.796	0	71	5
58	TCF12	263.796	0	71	5
58	KDR	263.796	0	71	5
58	PCDH11Y	8.605	0	3	3
58	PCDHAC2	8.605	0	3	3
58	PCDHGC5	8.605	0	3	3
59	ATRX	367.331	0	99	10
59	CDK4	367.331	1	99	10
59	MDM4	367.331	0	99	10
59	PSMB8	367.331	1	99	10
59	RNF8	367.331	0	99	10
59	SRPK1	367.331	1	99	10
59	TP53	367.331	0	99	10
59	CEP250	367.331	0	99	10
59	PIK3R1	367.331	0	99	10
59	SLC26A8	367.331	0	99	10
59	PCDHAC2	6.993	0	2	1
60	CACNA1E	488.886	0	119	3
60	TP53	488.886	0	119	3
60	TTN	488.886	0	119	3
61	EGFR	59.799	1	18	1
61	NLRP12	3.587	0	1	1
61	PSMA5	3.528	0	1	1
62	CDKN2A	3.530	0	1	1
62	EGFR	155.894	1	46	3
62	PIK3R1	155.894	0	46	3
62	HLA-DRB1	155.894	0	46	3
62	PCDHA10	3.377	0	1	2
62	PCDHA8	3.377	0	1	2
63	DOCK2	2.520	0	1	1
63	EGFR	193.066	0	43	4
63	ITGAM	193.066	0	43	4
63	LAMA5	193.066	0	43	4
63	NOS1	193.066	0	43	4
63	KCNG1	5.356	0	2	2
63	KCNV1	5.356	1	2	2
63	PIK3C2G	4.793	0	1	1
63	SEC61G	5.673	1	2	1
64	CCT2	15.139	0	5	1
64	FRS2	98.377	0	28	2
64	PTEN	98.377	0	28	2
65	HLA-DRB1	327.073	1	76	1
66	KIFC3	8.727	0	2	1
66	RB1	9.715	0	3	1
66	SLC18A2	101.887	0	24	1
67	HLA-DRB1	88.199	0	25	1
68	COL6A2	17.232	0	5	3
68	ITGA4	17.232	0	5	3
68	EGFR	17.232	0	5	3
69	CDKN2A	2.757	0	1	2
69	CDKN2B	2.757	0	1	2
69	EGFR	264.783	1	64	2
69	PIK3C2B	264.783	1	64	2
69	PCDHA10	4.414	0	1	1
70	CDK4	23.438	1	7	5
70	CHEK1	23.438	0	7	5
70	CDKN2A	23.438	0	7	5
70	CDKN2B	23.438	0	7	5
70	PRKCD	23.438	0	7	5
70	CNKSR2	295.369	1	78	8
70	EGFR	295.369	1	78	8
70	GABRA1	295.369	1	78	8
70	RYR2	295.369	1	78	8
70	SLC6A3	295.369	0	78	8
70	LAMA2	295.369	1	78	8
70	TAP1	295.369	1	78	8
70	PIK3C2G	295.369	0	78	8
70	DCTN2	22.268	0	6	2
70	KIF5A	22.268	1	6	2
70	FAT2	4.276	0	1	3
70	PCDH15	4.276	0	1	3
70	PCDHAC2	4.276	0	1	3
70	SCML2	2.819	0	1	1
72	AKT1	284.033	1	68	5
72	CDKN2A	284.033	0	68	5
72	EGFR	284.033	1	68	5
72	CDKN2B	284.033	0	68	5
72	KLHL9	284.033	0	68	5
72	HLA-DRB1	14.540	0	4	1
73	CACNA1I	217.625	0	52	5
73	EGFR	217.625	1	52	5
73	RAB3GAP2	217.625	0	52	5
73	RYR3	217.625	0	52	5
73	FRS2	217.625	1	52	5
73	CCT2	53.240	1	15	5
73	CDK4	53.240	1	15	5
73	CDKN2A	53.240	0	15	5
73	NEK2	53.240	0	15	5
73	CDKN2B	53.240	0	15	5
73	PCDHGC5	9.022	0	2	1
74	ANK3	6.121	1	2	1
74	CDKN2A	274.000	0	72	8
74	CREBBP	274.000	0	72	8
74	DOCK2	274.000	0	72	8
74	EGFR	274.000	1	72	8
74	PRKY	274.000	0	72	8
74	LRP1	274.000	0	72	8
74	CDKN2B	274.000	0	72	8
74	PIK3C2G	274.000	0	72	8
74	KLC2	18.525	0	5	1
74	LRRC7	7.437	0	2	1
74	PCDH11Y	6.827	0	2	2
74	PCDHGC5	6.827	0	2	2
75	CDKN2A	268.935	0	64	5
75	PTEN	268.935	0	64	5
75	EGFR	268.935	0	64	5
75	KDR	268.935	1	64	5
75	KIT	268.935	0	64	5
75	MYF5	14.208	0	4	1
75	PCDHGC5	9.334	0	2	1
75	PPP3CB	3.797	0	1	1
75	PRKCQ	2.625	0	1	1
75	SEC61G	7.989	1	3	1
76	CDKN2A	275.015	0	75	4
76	EGFR	275.015	0	75	4
76	TUBGCP5	275.015	0	75	4
76	CDKN2B	275.015	0	75	4
77	DNAH9	313.769	0	83	7
77	EGFR	313.769	1	83	7
77	MDM4	313.769	1	83	7
77	IGF1R	313.769	0	83	7
77	PIK3C2B	313.769	1	83	7
77	PTEN	313.769	0	83	7
77	RYR2	313.769	1	83	7
78	CDKN2A	228.391	0	63	4
78	CDKN2B	228.391	0	63	4
78	EGFR	228.391	1	63	4
78	LAMB1	228.391	0	63	4
78	PCDHGC5	4.122	0	1	1
79	COL4A5	112.477	0	31	4
79	PIK3CA	112.477	0	31	4
79	PTEN	112.477	0	31	4
79	RASGRF1	112.477	0	31	4
79	MYOD1	3.186	0	1	1
79	PCDH11Y	6.643	0	2	1
79	PRKY	5.481	0	2	1
81	COL4A1	74.607	1	21	3
81	FGFR3	74.607	0	21	3
81	PTEN	74.607	0	21	3
81	LRP8	11.292	0	4	1
81	PCDHAC2	2.658	0	1	3
81	PCDHB13	2.658	0	1	3
81	SVEP1	2.658	0	1	3
81	RBBP4	3.039	0	1	1
81	SGOL2	3.568	0	1	1
82	ELAVL2	5.489	0	1	1
82	FAT2	10.144	0	3	1
82	GRB10	136.828	0	40	3
82	IL7	136.828	0	40	3
82	MED13	136.828	0	40	3
83	CDKN2A	175.441	0	49	7
83	PIK3CA	175.441	0	49	7
83	NOS3	175.441	0	49	7
83	PTPN11	175.441	0	49	7
83	RIMS2	175.441	1	49	7
83	COL6A3	175.441	0	49	7
83	CDKN2B	175.441	0	49	7
84	ANK1	313.601	0	87	31
84	FAS	313.601	0	87	31
84	DNAH9	313.601	0	87	31
84	ITGB1	313.601	0	87	31
84	LAMC3	313.601	0	87	31
84	MAPK8	313.601	0	87	31
84	PIK3CG	313.601	0	87	31
84	DNMBP	313.601	0	87	31
84	ERBB3	313.601	0	87	31
84	RIMS2	313.601	1	87	31
84	SLC18A2	313.601	0	87	31
84	VLDLR	313.601	0	87	31
84	BTRC	313.601	0	87	31
84	BUB3	313.601	0	87	31
84	CDK4	313.601	1	87	31
84	CDKN2A	313.601	0	87	31
84	SDCCAG8	313.601	1	87	31
84	PTEN	313.601	0	87	31
84	PLAU	313.601	0	87	31
84	IFNG	313.601	0	87	31
84	STAT6	313.601	0	87	31
84	CDKN2B	313.601	0	87	31
84	EPC1	313.601	0	87	31
84	SMARCA2	313.601	0	87	31
84	SMARCC2	313.601	0	87	31
84	TCF7L2	313.601	0	87	31
84	FGFR2	313.601	0	87	31
84	FLT1	313.601	0	87	31
84	SMC3	313.601	0	87	31
84	LRP1	313.601	0	87	31
84	GRK5	313.601	0	87	31
84	CDH23	4.052	0	1	2
84	CDH9	4.052	0	1	2
84	DDIT3	9.011	1	2	1
84	KCNV2	5.078	0	2	1
84	PSIP1	5.394	0	2	1
85	ADAM12	408.891	0	112	32
85	CDC2	408.891	1	112	32
85	CDK4	408.891	1	112	32
85	MDM2	408.891	1	112	32
85	ZWINT	408.891	1	112	32
85	DNMBP	408.891	0	112	32
85	EGFR	408.891	0	112	32
85	FGFR2	408.891	0	112	32
85	SLC18A2	408.891	0	112	32
85	IGFBP7	408.891	0	112	32
85	ITGA8	408.891	0	112	32
85	ITGB1	408.891	0	112	32
85	LAMA3	408.891	0	112	32
85	PLAU	408.891	0	112	32
85	VAV2	408.891	0	112	32
85	BTRC	408.891	0	112	32
85	BUB3	408.891	0	112	32
85	CEP135	408.891	0	112	32
85	DCTN2	408.891	1	112	32
85	PRKCQ	408.891	0	112	32
85	PTEN	408.891	0	112	32
85	CALML5	408.891	0	112	32
85	MAPK8	408.891	0	112	32
85	PDGFRA	408.891	1	112	32
85	IFNG	408.891	0	112	32
85	EPC1	408.891	0	112	32
85	TCF7L2	408.891	0	112	32
85	KIT	408.891	0	112	32
85	NOS3	408.891	0	112	32
85	BCAR1	408.891	0	112	32
85	SMC3	408.891	0	112	32
85	KIF5A	408.891	0	112	32
85	CDH23	4.089	0	1	3
85	PCDH15	4.089	0	1	3
85	PCDHGC5	4.089	0	1	3
85	PPP3CB	3.205	0	1	1
86	BCAR1	343.437	0	82	7
86	KCNV2	343.437	0	82	7
86	PRKY	343.437	0	82	7
86	RB1	343.437	0	82	7
86	PTEN	343.437	0	82	7
86	NF1	343.437	0	82	7
86	PIK3CG	343.437	0	82	7
86	PCDH11Y	21.642	0	6	1
87	CDH17	7.092	0	2	1
87	CDK4	63.310	1	17	2
87	CDKN2A	63.310	0	17	2
88	CHP2	3.358	0	1	1
88	FLNC	285.228	0	78	8
88	HLA-A	285.228	0	78	8
88	MET	285.228	0	78	8
88	RB1	285.228	0	78	8
88	TP53	285.228	0	78	8
88	PIK3CG	285.228	0	78	8
88	NOD1	285.228	0	78	8
88	PTEN	285.228	0	78	8
88	GNAT3	4.248	0	1	1
88	PCDHGC5	4.159	0	1	1
89	CACNA1I	208.290	0	56	12
89	PRKCB	208.290	0	56	12
89	CDKN2A	208.290	0	56	12
89	STAT1	208.290	0	56	12
89	GRAP2	208.290	0	56	12
89	CDKN2B	208.290	0	56	12
89	EP300	208.290	0	56	12
89	MCM5	208.290	0	56	12
89	EGFR	208.290	1	56	12
89	LAMB4	208.290	0	56	12
89	MLLT4	208.290	0	56	12
89	YWHAH	208.290	1	56	12
89	CELSR1	3.561	0	1	1
89	KCNJ4	3.819	0	1	1
89	PPARA	2.818	0	1	1
90	CCT2	25.954	1	6	1
90	CNOT2	190.712	1	47	7
90	IFNG	190.712	0	47	7
90	MDM2	190.712	1	47	7
90	RAN	190.712	0	47	7
90	FRS2	190.712	1	47	7
90	PRKY	190.712	0	47	7
90	PTEN	190.712	0	47	7
90	FZD10	2.809	0	1	1
90	PCDH11Y	6.856	0	2	1
91	CDKN2A	208.641	0	57	9
91	RB1	208.641	0	57	9
91	COL14A1	208.641	0	57	9
91	ITGAM	208.641	0	57	9
91	PTPRB	208.641	0	57	9
91	RIMS2	208.641	0	57	9
91	PTEN	208.641	0	57	9
91	CDKN2B	208.641	0	57	9
91	KDR	208.641	0	57	9
91	RYR2	7.805	1	2	1
92	CACNA1H	365.601	0	92	3
92	HLA-DRB1	365.601	0	92	3
92	TP53	365.601	0	92	3
93	KCNV1	6.257	1	2	1
93	LAMA1	437.457	0	116	7
93	PIK3CG	437.457	0	116	7
93	PIK3R1	437.457	0	116	7
93	TP53	437.457	0	116	7
93	TTN	437.457	0	116	7
93	SGOL2	437.457	0	116	7
93	PTEN	437.457	0	116	7
94	CDKN2A	299.648	0	75	9
94	KIT	299.648	0	75	9
94	SMARCC2	299.648	0	75	9
94	CDKN2B	299.648	0	75	9
94	PGR	299.648	0	75	9
94	GABRB3	299.648	0	75	9
94	GRIN2A	299.648	0	75	9
94	PLCG1	299.648	0	75	9
94	PTEN	299.648	0	75	9
94	PCM1	3.679	0	1	1
95	CNTN1	2.848	0	1	1
95	COL2A1	5.370	0	2	1
95	HDAC2	139.228	0	38	6
95	RB1	139.228	0	38	6
95	TP53	139.228	0	38	6
95	HLA-DRB1	139.228	0	38	6
95	PIK3C2G	139.228	0	38	6
95	PLCG1	139.228	0	38	6
96	TP53	186.139	0	54	1
97	CCT6A	7.187	1	2	1
97	CDKN2A	9.495	0	3	1
97	KLHL9	2.696	0	1	1
97	PTEN	3.524	0	1	1
98	CTNNA2	8.259	1	2	2
98	PCDHGC5	8.259	0	2	2
98	NF1	313.252	0	84	4
98	PIK3CA	313.252	0	84	4
98	TP53	313.252	0	84	4
98	RYR1	313.252	0	84	4
98	PIK3C2B	3.536	0	1	1
99	CDKN2A	199.279	0	58	5
99	COL1A2	199.279	0	58	5
99	EGFR	199.279	1	58	5
99	PDGFRA	199.279	1	58	5
99	CDKN2B	199.279	0	58	5
99	ELAVL2	3.434	0	1	1
99	GABBR2	32.700	1	9	1
99	KLHL9	3.217	0	1	1
99	PCDHGC5	3.957	0	1	1
100	ATRX	261.704	1	66	9
100	ITGB4	261.704	0	66	9
100	RELN	261.704	1	66	9
100	PIK3C2G	261.704	0	66	9
100	PTEN	261.704	0	66	9
100	RB1	261.704	0	66	9
100	TP53	261.704	0	66	9
100	TCF7L2	261.704	0	66	9
100	PDGFRA	261.704	0	66	9
101	CDKN2A	156.294	0	48	7
101	IL12RB2	156.294	0	48	7
101	PTEN	156.294	0	48	7
101	PTK2B	156.294	0	48	7
101	RERE	156.294	0	48	7
101	PDGFRA	156.294	1	48	7
101	CDKN2B	156.294	0	48	7
101	ELAVL2	3.638	0	1	1
101	MSH6	10.908	0	3	1
101	PCDH11Y	3.506	0	1	1
101	PRKY	9.349	0	3	1
102	CDKN2A	232.592	0	62	5
102	PTEN	232.592	0	62	5
102	EGFR	232.592	1	62	5
102	SHB	232.592	0	62	5
102	CDKN2B	232.592	0	62	5
102	CEP70	3.219	0	1	1
102	RERE	2.644	0	1	1
103	CDKN2A	12.427	0	4	2
103	CDKN2B	12.427	0	4	2
103	COL11A2	7.981	0	3	1
103	PCDH11Y	8.808	0	3	2
103	PCDHGC5	8.808	0	3	2
103	PRKY	6.238	0	2	1
104	ACVR1B	6.803	0	2	1
104	ATRX	120.731	0	36	10
104	CDK4	120.731	1	36	10
104	CDK6	120.731	0	36	10
104	TP53	120.731	0	36	10
104	DCTN2	120.731	0	36	10
104	KDR	120.731	0	36	10
104	KIT	120.731	0	36	10
104	PDGFRA	120.731	0	36	10
104	RALA	120.731	1	36	10
104	DDIT3	120.731	0	36	10
104	GRASP	26.514	0	7	1
104	KCNS3	2.865	0	1	1
105	AKT1	234.730	0	63	4
105	EGFR	234.730	1	63	4
105	RYR2	234.730	1	63	4
105	TP53	234.730	0	63	4
105	PCDHAC2	3.840	0	1	1
106	CCNF	72.819	0	22	2
106	TP53	72.819	0	22	2
106	PCDHGC5	5.575	0	2	1
106	TJP1	9.097	0	3	1
108	CDKN2A	177.824	0	48	6
108	TP53	177.824	0	48	6
108	CDKN2B	177.824	0	48	6
108	KDR	177.824	0	48	6
108	KIT	177.824	1	48	6
108	PDGFRA	177.824	1	48	6
108	CELSR3	4.200	0	1	1
108	SRI	9.199	0	3	1
109	CDKN2A	521.534	0	129	13
109	TP53	521.534	0	129	13
109	COL6A2	521.534	1	129	13
109	FBN2	521.534	1	129	13
109	KIT	521.534	1	129	13
109	DRD5	521.534	0	129	13
109	FGFR3	521.534	0	129	13
109	RIMS2	521.534	1	129	13
109	PTEN	521.534	0	129	13
109	CDKN2B	521.534	0	129	13
109	PIAS1	521.534	0	129	13
109	GRB10	521.534	1	129	13
109	KLHL9	521.534	0	129	13
109	ELAVL2	5.501	0	1	1
109	PCDH11Y	13.523	0	4	1
109	RELN	17.424	1	6	1
110	CDH18	6.574	1	2	1
110	EGFR	531.674	1	147	5
110	ITGA4	531.674	0	147	5
110	MAP4K1	531.674	0	147	5
110	ZNF3	531.674	0	147	5
110	FGF18	531.674	0	147	5
110	KCNB2	5.805	0	2	1
110	RASGRF1	2.808	0	1	1
110	SEC61G	6.219	1	2	1
111	CDKN2B	217.207	0	59	4
111	CHEK1	217.207	0	59	4
111	COL1A2	217.207	0	59	4
111	DRD5	217.207	0	59	4
111	PCDHB6	3.966	0	1	1
112	CDKN2A	43.743	0	14	3
112	MCM4	43.743	0	14	3
112	CDKN2B	43.743	0	14	3
112	PCDH11Y	6.339	0	2	2
112	PCDH7	6.339	0	2	2
112	PLCG1	67.892	0	18	1
113	ANK2	309.977	0	86	9
113	COL6A3	309.977	1	86	9
113	EGFR	309.977	0	86	9
113	LAMA2	309.977	0	86	9
113	PLG	309.977	0	86	9
113	F8	309.977	0	86	9
113	CDKN2A	309.977	0	86	9
113	RFC4	309.977	0	86	9
113	PTEN	309.977	0	86	9
113	BRCA1	6.227	0	2	1
113	CACNA1C	3.138	0	1	2
113	CACNA1I	3.138	0	1	2
113	PCDH15	9.520	0	3	1
113	SLIT3	4.367	0	1	1
114	EGFR	305.141	0	73	2
114	GABRB3	305.141	0	73	2
114	KCNB2	5.842	0	2	1
115	CDK4	75.106	1	21	5
115	DCTN2	75.106	0	21	5
115	IFNG	75.106	0	21	5
115	STAT6	75.106	0	21	5
115	KIF5A	75.106	0	21	5
115	COL14A1	42.222	0	12	1
115	GABRG2	22.019	1	6	1
115	HLA-DRB1	2.897	0	1	1
115	MRE11A	2.773	0	1	1
115	PCDH11Y	3.116	0	1	2
115	PCDHAC2	3.116	0	1	2
115	PRKY	11.196	0	4	1
115	VEGFA	10.128	1	3	1
116	CCT6A	212.711	1	52	9
116	CDKN2A	212.711	0	52	9
116	COL6A3	212.711	0	52	9
116	EGFR	212.711	1	52	9
116	TP53	212.711	0	52	9
116	PLCG1	212.711	0	52	9
116	FLNA	212.711	0	52	9
116	COL1A2	212.711	0	52	9
116	MCM4	212.711	0	52	9
116	ELAVL2	4.507	0	1	1
116	PCDH11Y	3.919	0	1	2
116	PCDHAC2	3.919	0	1	2
116	PRKY	5.195	0	2	1
116	PTEN	3.217	0	1	1
117	ATR	112.025	0	31	5
117	CDKN2A	112.025	0	31	5
117	TP53	112.025	0	31	5
117	CDKN2B	112.025	0	31	5
117	FGFR3	112.025	0	31	5
117	PCDH11Y	6.985	0	2	2
117	PCDHAC2	6.985	0	2	2
117	PRKY	43.713	0	11	1
117	RIMS2	40.190	0	10	1
118	AKAP6	196.652	0	53	3
118	EGFR	196.652	1	53	3
118	ITGB4	196.652	0	53	3
118	CIITA	3.368	0	1	1
118	PCDHB13	6.217	0	2	1
119	ANAPC1	269.558	0	72	8
119	CDKN2A	269.558	0	72	8
119	HLA-DRB1	269.558	0	72	8
119	CDK5RAP2	269.558	0	72	8
119	EGFR	269.558	1	72	8
119	LAMA3	269.558	0	72	8
119	TTN	269.558	0	72	8
119	CDKN2B	269.558	0	72	8
119	CACNA1C	3.160	0	1	1
119	EEF1A1	4.957	0	1	1
119	PCDH15	4.102	0	1	1
119	SEC61G	6.661	1	2	1
120	CREBBP	2.503	0	1	1
120	EGFR	37.148	0	12	1
121	CDKN2A	2.605	0	1	2
121	CDKN2B	2.605	0	1	2
121	CNTN2	170.576	0	46	5
121	EGFR	170.576	1	46	5
121	RABIF	170.576	0	46	5
121	DMD	170.576	0	46	5
121	PIK3C2B	170.576	0	46	5
121	ELAVL2	2.747	0	1	1
121	GABRA5	29.639	0	7	1
121	PCDH11X	3.685	0	1	3
121	PCDH11Y	3.685	0	1	3
121	PCDHA10	3.685	0	1	3
121	SRPR	3.813	0	1	1
122	ACAN	272.341	0	72	6
122	CDK4	272.341	1	72	6
122	TP53	272.341	0	72	6
122	PPP1CC	272.341	0	72	6
122	AMPH	272.341	1	72	6
122	PTEN	272.341	0	72	6
122	CELSR3	3.273	0	1	1
122	IL12B	2.600	0	1	1
123	ATN1	352.359	0	98	9
123	CLSPN	352.359	0	98	9
123	TP53	352.359	0	98	9
123	EGFR	352.359	1	98	9
123	COL4A1	352.359	1	98	9
123	ITGA10	352.359	0	98	9
123	PXN	352.359	0	98	9
123	IFNG	352.359	0	98	9
123	PTEN	352.359	0	98	9
123	PCDHAC2	4.148	0	1	1
124	CDKN2A	5.999	0	2	2
124	CDKN2B	5.999	0	2	2
124	COL6A1	196.623	0	51	4
124	ERBB2	196.623	0	51	4
124	PIK3R1	196.623	0	51	4
124	RIMS2	196.623	1	51	4
124	ELAVL2	4.002	0	1	1
124	RUVBL2	2.651	0	1	1
125	CDKN2A	414.157	0	111	9
125	CDKN2B	414.157	0	111	9
125	DOCK2	414.157	0	111	9
125	EGFR	414.157	1	111	9
125	PRKY	414.157	0	111	9
125	FBLN2	414.157	0	111	9
125	LAMB4	414.157	0	111	9
125	SCML2	414.157	0	111	9
125	HLA-DRB1	414.157	0	111	9
125	DCHS2	4.101	0	1	2
125	PCDH11Y	4.101	0	1	2
126	CDKN2A	304.256	0	78	6
126	EGFR	304.256	0	78	6
126	PIK3CA	304.256	0	78	6
126	FBN2	304.256	0	78	6
126	PIK3CD	304.256	0	78	6
126	CDKN2B	304.256	0	78	6
126	ELAVL1	5.586	1	2	1
126	FAT2	9.109	0	3	2
126	PCDHB13	9.109	0	3	2
126	ITPR1	5.666	1	2	1
127	CDH18	19.370	1	6	2
127	PCDH11Y	19.370	0	6	2
127	COL6A3	925.181	1	238	4
127	EGFR	925.181	0	238	4
127	PRKY	925.181	0	238	4
127	PTEN	925.181	0	238	4
127	SEC61G	5.702	1	2	1
128	CDKN2A	2.539	0	1	2
128	CDKN2B	2.539	0	1	2
128	ELAVL2	3.579	0	1	1
128	HLA-DRB1	52.935	0	15	2
128	ITGB7	52.935	0	15	2
128	PTEN	6.109	0	2	2
128	TEK	6.109	0	2	2
128	RAB3GAP2	33.281	0	10	1
128	XIAP	5.836	0	2	1
129	FLT1	241.308	0	62	5
129	GRM5	241.308	0	62	5
129	PTEN	241.308	0	62	5
129	LAMA3	241.308	0	62	5
129	RB1	241.308	0	62	5
129	HLF	25.599	1	7	1
129	PCDHAC2	9.613	0	3	1
129	PPARG	3.068	0	1	1
130	ANK2	162.632	0	48	4
130	COL6A3	162.632	0	48	4
130	EGFR	162.632	1	48	4
130	PTEN	162.632	0	48	4
130	CACNA1H	7.144	0	2	1
130	CDH9	3.349	0	1	1
130	DDB1	94.425	0	30	1
131	ACTB	632.626	0	185	10
131	COL1A2	632.626	1	185	10
131	EGFR	632.626	1	185	10
131	GNAT3	632.626	0	185	10
131	NCF1	632.626	0	185	10
131	PIK3C2B	632.626	0	185	10
131	SEC61G	632.626	1	185	10
131	CDKN2A	632.626	0	185	10
131	IKZF1	632.626	0	185	10
131	GRB10	632.626	0	185	10
132	CDK4	241.959	1	69	6
132	SRPK1	241.959	0	69	6
132	TP53	241.959	0	69	6
132	SDC2	241.959	0	69	6
132	DCTN2	241.959	0	69	6
132	PTEN	241.959	0	69	6
133	CDK4	319.522	1	86	9
133	MAPK1	319.522	0	86	9
133	TP53	319.522	0	86	9
133	CEP135	319.522	1	86	9
133	KIT	319.522	0	86	9
133	HLA-DRB1	319.522	0	86	9
133	PDGFRA	319.522	1	86	9
133	PTEN	319.522	0	86	9
133	KDR	319.522	0	86	9
133	PCDH11X	3.885	0	1	1
134	CDKN2A	5.536	0	2	2
134	CDKN2B	5.536	0	2	2
134	DNM1L	9.711	0	3	1
134	EGFR	106.888	0	32	4
134	PIK3CG	106.888	0	32	4
134	HLA-DRB1	106.888	0	32	4
134	PTEN	106.888	0	32	4
135	CBL	176.301	0	52	6
135	HCLS1	176.301	0	52	6
135	ITGAX	176.301	0	52	6
135	PIK3R1	176.301	0	52	6
135	PLCB1	176.301	0	52	6
135	NF1	176.301	0	52	6
135	PCDH11Y	8.842	0	3	1
135	PRKY	12.261	0	4	1
136	ANAPC1	355.267	0	107	9
136	CDKN2A	355.267	0	107	9
136	EGFR	355.267	1	107	9
136	RIMS2	355.267	0	107	9
136	TP53	355.267	1	107	9
136	COL14A1	355.267	0	107	9
136	CDKN2B	355.267	0	107	9
136	VAV1	355.267	0	107	9
136	KLHL9	355.267	0	107	9
136	ELAVL2	3.344	0	1	1
137	CACNA1I	8.640	0	3	1
137	CDKN2A	312.071	0	90	6
137	EGFR	312.071	1	90	6
137	CDKN2B	312.071	0	90	6
137	HLA-DQB1	312.071	0	90	6
137	DMD	312.071	0	90	6
137	SLC26A8	312.071	0	90	6
137	SVEP1	3.754	0	1	1
137	VASP	3.035	0	1	1
138	ANK1	3.064	0	1	1
138	CACNA1S	3.201	0	1	1
138	CCT2	7.350	0	2	2
138	SFI1	7.350	0	2	2
138	CDKN2A	99.005	0	31	6
138	SMC1A	99.005	0	31	6
138	NUMA1	99.005	0	31	6
138	CDKN2B	99.005	0	31	6
138	HLA-DRB1	99.005	0	31	6
138	MLL	99.005	0	31	6
138	CNKSR2	7.716	1	2	1
138	EGFR	225.358	1	58	1
139	B2M	422.415	0	118	8
139	COL11A2	422.415	0	118	8
139	EGFR	422.415	1	118	8
139	ITGA1	422.415	0	118	8
139	PRKY	422.415	0	118	8
139	TP53	422.415	1	118	8
139	DSP	422.415	0	118	8
139	TBL1Y	422.415	0	118	8
139	PCDH11Y	4.023	0	1	1
140	CEP63	363.728	0	89	4
140	PRKX	363.728	0	89	4
140	TP53	363.728	1	89	4
140	NF1	363.728	0	89	4
140	PCDH19	14.499	0	4	1
141	ATRX	289.847	0	84	7
141	CDK4	289.847	1	84	7
141	PIK3CA	289.847	0	84	7
141	TP53	289.847	0	84	7
141	DCTN2	289.847	0	84	7
141	HLA-DRB1	289.847	0	84	7
141	TYK2	289.847	0	84	7
141	GLI1	5.844	1	2	1
142	SEC61G	294.330	1	84	3
142	TP53	294.330	1	84	3
142	VEGFA	294.330	1	84	3
143	ADCY9	12.990	0	4	1
143	IL32	5.936	1	2	1
143	NF1	2.824	0	1	1
144	CD1C	42.041	0	12	1
144	CDKN2A	61.714	0	20	3
144	RAF1	61.714	0	20	3
144	PTEN	61.714	0	20	3
145	ABL1	244.470	0	64	5
145	ITGA10	244.470	0	64	5
145	PTPN11	244.470	0	64	5
145	NF1	244.470	0	64	5
145	PTEN	244.470	0	64	5
145	CCL3L1	117.463	0	32	1
145	PCDHGC5	4.075	0	1	1
146	CDKN2A	413.637	0	111	7
146	PRKCB	413.637	0	111	7
146	EGFR	413.637	1	111	7
146	PIK3CA	413.637	0	111	7
146	CDKN2B	413.637	0	111	7
146	TBL1Y	413.637	0	111	7
146	KLHL9	413.637	0	111	7
146	FAT2	6.825	0	2	2
146	PCDH11Y	6.825	0	2	2
146	PRKY	9.315	0	3	1
146	SEC61G	19.556	1	6	1
147	COL4A3	336.999	0	89	9
147	EGFR	336.999	1	89	9
147	GABRA6	336.999	0	89	9
147	PRKY	336.999	0	89	9
147	PPARA	336.999	0	89	9
147	KCNB2	336.999	0	89	9
147	TCF12	336.999	0	89	9
147	HLA-DRB1	336.999	0	89	9
147	TBL1Y	336.999	0	89	9
147	DCHS2	9.104	0	2	3
147	PCDH11Y	9.104	0	2	3
147	PCDHGC5	9.104	0	2	3
147	S100A8	9.067	1	3	1
147	SEC61G	10.678	1	3	1
148	AKT1	9.671	1	2	1
148	CDKN2A	17.964	0	6	2
148	CDKN2B	17.964	0	6	2
148	ELAVL2	2.772	0	1	1
148	GABRA1	23.091	1	7	1
148	NOS1	2.682	0	1	1
148	PCDH11Y	2.823	0	1	1
148	PRKY	3.077	0	1	1
148	TPX2	5.663	1	2	1
149	ATRX	260.499	0	69	4
149	LRP1	260.499	0	69	4
149	PIK3CA	260.499	0	69	4
149	TP53	260.499	0	69	4
149	RYR3	5.904	1	2	1
150	AMPH	23.228	1	4	1
150	GABRB2	93.899	0	22	2
150	VAMP3	93.899	0	22	2
150	ITGB2	38.166	0	11	2
150	PTEN	38.166	0	11	2
150	PCDH19	6.219	0	2	1
151	ACTN1	526.527	0	151	13
151	CDK4	526.527	1	151	13
151	MDM2	526.527	1	151	13
151	PSMB8	526.527	1	151	13
151	SMARCC2	526.527	0	151	13
151	EGFR	526.527	1	151	13
151	FRS2	526.527	0	151	13
151	SEC61G	526.527	1	151	13
151	CNOT2	526.527	1	151	13
151	CTDSP2	526.527	0	151	13
151	MED13	526.527	0	151	13
151	IFNG	526.527	1	151	13
151	HLA-DRB1	526.527	0	151	13
152	ATRX	584.073	0	161	13
152	BRCA1	584.073	0	161	13
152	CSNK2B	584.073	0	161	13
152	MCM5	584.073	1	161	13
152	MLLT4	584.073	0	161	13
152	PTEN	584.073	0	161	13
152	TP53	584.073	1	161	13
152	TTN	584.073	0	161	13
152	FLNA	584.073	1	161	13
152	DLG4	584.073	0	161	13
152	HLA-A	584.073	0	161	13
152	RYR2	584.073	1	161	13
152	CEP63	584.073	0	161	13
152	FGF18	3.419	0	1	1
152	HNRNPH3	19.971	0	6	1
152	PCDH19	7.033	0	2	4
152	PCDHAC2	7.033	0	2	4
152	PCDHGC5	7.033	0	2	4
152	SVEP1	7.033	0	2	4
153	ABL1	454.020	0	134	8
153	CDK4	454.020	1	134	8
153	CDKN2A	454.020	0	134	8
153	DCTN2	454.020	0	134	8
153	GLI1	454.020	1	134	8
153	MAP4K1	454.020	0	134	8
153	CDKN2B	454.020	0	134	8
153	KIF5A	454.020	0	134	8
153	CACNA1S	13.342	0	4	1
154	CELSR1	5.300	0	2	1
154	GABRQ	72.558	0	17	1
154	NEK2	121.029	0	36	2
154	TP53	121.029	1	36	2
155	CDK4	35.324	1	12	1
155	EPS8	221.036	1	57	8
155	FRS2	221.036	0	57	8
155	GABRA6	221.036	0	57	8
155	GLI1	221.036	0	57	8
155	LRP1	221.036	1	57	8
155	PTPRB	221.036	0	57	8
155	STAT6	221.036	0	57	8
155	IFNG	221.036	0	57	8
156	APOB	106.990	0	28	2
156	PDGFD	106.990	0	28	2
156	ATRX	6.758	0	2	1
156	CDC27	84.314	0	25	4
156	PIK3CA	84.314	1	25	4
156	PRKCB	84.314	0	25	4
156	IL12RB2	84.314	0	25	4
156	PCDHAC2	2.721	0	1	1
156	SLC26A8	16.839	0	6	1
157	CDKN2A	12.462	0	4	2
157	CDKN2B	12.462	0	4	2
157	PCDH11Y	3.757	0	1	1
157	PIK3CG	126.820	0	37	2
157	PRKY	126.820	0	37	2
158	CDK4	316.827	1	80	4
158	TP53	316.827	0	80	4
158	FGFR1	316.827	0	80	4
158	PDGFRA	316.827	1	80	4
159	CCT6A	11.729	1	3	1
159	CDKN2A	259.052	0	67	4
159	CDKN2B	259.052	0	67	4
159	EGFR	259.052	1	67	4
159	PLG	259.052	0	67	4
159	MAP3K4	5.505	0	2	1
160	NGF	59.728	0	16	1
161	HLA-DRB1	129.092	1	35	2
161	PTEN	129.092	0	35	2
162	CDKN2A	45.318	0	14	2
162	CDKN2B	45.318	0	14	2
162	CEP135	7.698	1	2	1
162	IGFBP7	71.305	1	20	4
162	KDR	71.305	0	20	4
162	PDGFRA	71.305	1	20	4
162	KIT	71.305	0	20	4
163	CDKN2A	5.684	0	2	2
163	CDKN2B	5.684	0	2	2
163	PTEN	9.434	0	3	1
164	EGFR	106.126	1	30	1
165	PCDH11Y	8.746	0	3	1
165	PIK3R1	174.015	0	43	2
165	RB1	174.015	0	43	2
166	TP53	33.267	0	9	1
167	EGFR	214.641	1	61	2
167	PTEN	214.641	0	61	2
168	CDKN2A	330.076	0	85	8
168	TP53	330.076	0	85	8
168	CDKN2B	330.076	0	85	8
168	PIK3CA	330.076	1	85	8
168	RFC4	330.076	1	85	8
168	PSMD13	330.076	0	85	8
168	HLA-DRB1	330.076	0	85	8
168	KLHL9	330.076	1	85	8
169	AKT3	193.361	0	45	3
169	ANK2	193.361	0	45	3
169	SPN	193.361	0	45	3
169	CDKN2A	47.081	0	15	3
169	CDKN2B	47.081	0	15	3
169	CSNK2B	47.081	0	15	3
169	SDCCAG8	3.071	0	1	1
170	CCT6A	23.836	1	7	1
170	CDKN2A	3.035	0	1	1
170	EGFR	180.973	1	45	1
171	APEX2	2.981	0	1	1
171	HLA-DRB1	19.937	1	5	2
171	PSMD13	19.937	0	5	2
172	CDKN2A	107.777	0	32	4
172	PIK3C2B	107.777	0	32	4
172	CDKN2B	107.777	0	32	4
172	CNTN2	107.777	0	32	4
173	AKAP9	4.240	0	1	1
173	DBF4	10.692	1	4	1
173	GNAT3	166.575	0	37	6
173	HGF	166.575	0	37	6
173	ITGB8	166.575	0	37	6
173	PTK2B	166.575	0	37	6
173	SRI	166.575	0	37	6
173	MET	166.575	0	37	6
173	TES	2.639	0	1	1
174	CDKN2A	114.265	0	33	4
174	PTEN	114.265	0	33	4
174	TP53	114.265	0	33	4
174	KLHL9	114.265	0	33	4
174	CTBP1	3.143	0	1	1
175	PCDH11Y	10.020	0	3	1
175	PRKY	331.291	0	83	2
175	TP53	331.291	0	83	2
176	CDKN2A	239.865	0	60	5
176	PIK3CA	239.865	0	60	5
176	PIK3C2G	239.865	0	60	5
176	CDKN2B	239.865	0	60	5
176	HSPA8	239.865	0	60	5
176	SEC61G	6.139	1	2	1
177	DCTN2	17.203	0	5	2
177	KIF5A	17.203	1	5	2
177	EGFR	174.355	0	45	2
177	FLNA	174.355	0	45	2
177	PTEN	3.018	0	1	1
178	EGFR	240.769	1	70	3
178	FAS	240.769	0	70	3
178	IKZF1	240.769	0	70	3
178	P2RX2	3.090	0	1	1
179	FOXO3	2.761	0	1	1
179	PTEN	181.625	0	50	3
179	RB1	181.625	0	50	3
179	TP53	181.625	0	50	3
180	CSNK2B	3.453	0	1	1
180	EGFR	181.143	0	52	1
180	HGF	21.001	0	6	1
181	DCTN2	19.717	0	6	2
181	KIF5A	19.717	0	6	2
181	EGFR	169.347	0	40	4
181	LAMC3	169.347	0	40	4
181	FLNC	169.347	0	40	4
181	MET	169.347	1	40	4
181	MDM2	71.285	1	20	1
182	CDK4	135.383	1	37	4
182	TP53	135.383	0	37	4
182	DCTN2	135.383	1	37	4
182	KIF5A	135.383	0	37	4
182	HLA-DRB1	2.583	0	1	1
183	ATR	391.667	0	102	9
183	CDC27	391.667	0	102	9
183	MCM6	391.667	0	102	9
183	RB1	391.667	0	102	9
183	TP53	391.667	0	102	9
183	COL1A1	391.667	0	102	9
183	EGFR	391.667	1	102	9
183	RYR2	391.667	1	102	9
183	PIK3CB	391.667	0	102	9
183	PCDHB2	14.750	0	4	1
183	SEC61G	6.641	1	2	1
184	CDKN2A	2.561	0	1	1
184	ELAVL2	3.812	0	1	1
184	PTEN	4.353	0	1	1
185	CBLB	325.186	0	84	8
185	PIK3R1	325.186	0	84	8
185	PRKY	325.186	0	84	8
185	KCNG1	325.186	0	84	8
185	CDKN2A	325.186	0	84	8
185	NOTCH2	325.186	0	84	8
185	CDKN2B	325.186	0	84	8
185	FGF13	325.186	1	84	8
185	PCDH11Y	4.275	0	1	1
185	SEC61G	6.527	1	2	1
186	BARD1	26.132	0	9	2
186	CDKN2A	26.132	0	9	2
186	FLNA	39.622	0	8	1
186	GRID2	101.144	0	22	1
186	PCDH11X	3.457	0	1	2
186	PCDHGC5	3.457	0	1	2
186	PTEN	3.152	0	1	1
187	ATR	263.037	0	77	9
187	CDKN2A	263.037	0	77	9
187	DRD5	263.037	0	77	9
187	PIK3CA	263.037	0	77	9
187	COL5A2	263.037	1	77	9
187	PIK3C2B	263.037	0	77	9
187	NKX3-2	263.037	0	77	9
187	FLT1	263.037	0	77	9
187	CDKN2B	263.037	0	77	9
188	AKAP9	152.284	0	43	5
188	MAP2K3	152.284	0	43	5
188	NGF	152.284	0	43	5
188	PTEN	152.284	0	43	5
188	GNAO1	152.284	0	43	5
188	FLNB	6.778	0	2	1
189	ANK2	271.430	0	78	12
189	BLM	271.430	1	78	12
189	CALM1	271.430	0	78	12
189	DNMT1	271.430	0	78	12
189	EGFR	271.430	0	78	12
189	CDKN2A	271.430	0	78	12
189	CDKN2B	271.430	0	78	12
189	DMD	271.430	0	78	12
189	HLA-DRB1	271.430	0	78	12
189	TYK2	271.430	0	78	12
189	RYR2	271.430	0	78	12
189	BSG	271.430	0	78	12
189	CDH8	3.425	0	1	2
189	PCDHGC5	3.425	0	1	2
189	KLHL9	3.313	0	1	1
190	ADAM12	355.204	0	95	14
190	BUB3	355.204	0	95	14
190	CDKN2A	355.204	0	95	14
190	ERG	355.204	0	95	14
190	EGFR	355.204	1	95	14
190	FGFR2	355.204	0	95	14
190	SLC18A2	355.204	0	95	14
190	PLAU	355.204	0	95	14
190	ETS2	355.204	0	95	14
190	SMC3	355.204	0	95	14
190	FLNA	355.204	0	95	14
190	FLNC	355.204	0	95	14
190	CDKN2B	355.204	0	95	14
190	TCF7L2	355.204	0	95	14
190	PPP3CB	3.464	0	1	1
190	SEC61G	13.655	1	4	1
190	SVEP1	6.583	0	2	1
191	BUB3	301.110	0	78	12
191	MELK	301.110	1	78	12
191	RPA2	301.110	0	78	12
191	XRCC2	301.110	0	78	12
191	EGFR	301.110	1	78	12
191	FGFR2	301.110	0	78	12
191	MAPK8	301.110	0	78	12
191	PRKY	301.110	0	78	12
191	SLC6A3	301.110	0	78	12
191	PLAU	301.110	0	78	12
191	PPP3CB	301.110	0	78	12
191	SHB	301.110	0	78	12
191	CDH23	4.232	0	1	5
191	CDH9	4.232	0	1	5
191	PCDH11Y	4.232	0	1	5
191	PCDH7	4.232	0	1	5
191	PCDH9	4.232	0	1	5
191	RYR2	5.606	1	2	2
191	RYR3	5.606	1	2	2
192	ACTB	688.757	0	190	48
192	AMPH	688.757	1	190	48
192	EGFR	688.757	1	190	48
192	PIK3CG	688.757	0	190	48
192	RAC1	688.757	0	190	48
192	ATR	688.757	0	190	48
192	CDK6	688.757	0	190	48
192	CDKN2A	688.757	0	190	48
192	DBF4	688.757	1	190	48
192	DFFB	688.757	0	190	48
192	HNRNPA2B1	688.757	0	190	48
192	IKZF1	688.757	0	190	48
192	ING3	688.757	0	190	48
192	MCM7	688.757	1	190	48
192	NOD1	688.757	0	190	48
192	NOS3	688.757	0	190	48
192	PGR	688.757	0	190	48
192	PSMA2	688.757	0	190	48
192	PSMC2	688.757	0	190	48
192	XRCC2	688.757	0	190	48
192	ZNF212	688.757	0	190	48
192	ZNF3	688.757	1	190	48
192	ITGB8	688.757	1	190	48
192	LAMB1	688.757	0	190	48
192	PPIA	688.757	0	190	48
192	AKAP9	688.757	0	190	48
192	VAV1	688.757	0	190	48
192	WEE2	688.757	0	190	48
192	CD3G	688.757	0	190	48
192	EZH2	688.757	1	190	48
192	GLI3	688.757	0	190	48
192	COL1A2	688.757	0	190	48
192	FLNC	688.757	0	190	48
192	LAMB4	688.757	0	190	48
192	NCF1	688.757	0	190	48
192	RELN	688.757	1	190	48
192	HOXA9	688.757	0	190	48
192	MET	688.757	0	190	48
192	GNAT3	688.757	0	190	48
192	RALA	688.757	1	190	48
192	DBNL	688.757	0	190	48
192	CDKN2B	688.757	0	190	48
192	EPHA1	688.757	0	190	48
192	TRPV6	688.757	0	190	48
192	GRB10	688.757	0	190	48
192	HGF	688.757	0	190	48
192	TES	688.757	0	190	48
192	CCT6A	688.757	0	190	48
192	CDH9	7.697	0	2	2
192	PCDHA10	7.697	0	2	2
192	HOXA2	6.220	0	2	1
192	IGFBP3	17.388	1	4	1
192	SRI	3.200	0	1	1
193	CDKN2A	239.888	0	62	8
193	DRD5	239.888	0	62	8
193	CDKN2B	239.888	0	62	8
193	COL4A5	239.888	0	62	8
193	FN1	239.888	0	62	8
193	ITGB7	239.888	0	62	8
193	MXD1	239.888	0	62	8
193	STAT3	239.888	0	62	8
193	KCNA4	3.589	0	1	1
194	CDKN2A	11.247	0	4	2
194	CDKN2B	11.247	0	4	2
194	ITGAX	139.238	0	35	3
194	NID1	139.238	0	35	3
194	ITPR1	139.238	0	35	3
194	KLHL9	2.537	0	1	1
194	PCDHGC5	3.605	0	1	1
194	SHB	3.741	0	1	1
195	CDH22	6.667	0	2	1
195	CDKN2A	156.344	0	39	5
195	GABRB2	156.344	0	39	5
195	PIK3CA	156.344	0	39	5
195	KDR	156.344	0	39	5
195	CDKN2B	156.344	0	39	5
195	F9	35.294	0	10	1
195	FBLN1	48.002	0	13	1
195	KLHL9	4.024	0	1	1
196	APOB	538.989	0	138	6
196	IGF1R	538.989	0	138	6
196	LAMA1	538.989	0	138	6
196	LAMA2	538.989	1	138	6
196	PTEN	538.989	0	138	6
196	MED13	538.989	0	138	6
196	ASPM	2.547	0	1	1
197	CDKN2A	26.721	0	9	1
197	CDKN2B	242.415	0	62	3
197	EGFR	242.415	1	62	3
197	LAMB3	242.415	0	62	3
197	EEF1A1	2.546	0	1	1
198	CDKN2A	125.407	0	37	3
198	VCAN	125.407	0	37	3
198	CDKN2B	125.407	0	37	3
198	DCHS1	6.476	0	2	1
198	ELAVL2	2.589	0	1	1
198	RYR2	55.464	1	14	1
198	TYK2	2.707	0	1	1
199	AKT1	361.090	0	94	7
199	EGFR	361.090	1	94	7
199	PIK3CB	361.090	0	94	7
199	SYNJ1	361.090	0	94	7
199	HLA-DRB1	361.090	0	94	7
199	NF1	361.090	0	94	7
199	VEGFA	361.090	1	94	7
199	CACNA1H	3.136	0	1	2
199	RYR3	3.136	0	1	2
199	CHL1	5.715	1	2	1
199	PCDHB4	10.839	0	3	1
200	ACAN	350.963	0	98	7
200	EGFR	350.963	1	98	7
200	PIK3R1	350.963	0	98	7
200	LAMB1	350.963	0	98	7
200	SEC61G	350.963	1	98	7
200	CDKN2A	350.963	0	98	7
200	CDKN2B	350.963	0	98	7
200	GRIN2A	9.320	0	3	1
200	PCDHA10	4.090	0	1	1
200	RBMX	5.589	0	1	1
201	COL4A5	154.715	0	45	7
201	EGFR	154.715	0	45	7
201	LAMB4	154.715	0	45	7
201	TP53	154.715	0	45	7
201	PLCG2	154.715	0	45	7
201	MET	154.715	0	45	7
201	PTEN	154.715	0	45	7
201	DRD5	15.258	0	4	1
201	LRRC7	10.078	0	3	1
201	PCDHB5	2.935	0	1	1
202	ACAN	10.280	0	3	1
202	CCT6A	20.233	1	6	1
202	CDKN2A	298.319	0	80	5
202	MCM5	298.319	1	80	5
202	TP53	298.319	0	80	5
202	NOS3	298.319	0	80	5
202	CDKN2B	298.319	0	80	5
202	KCNH1	6.747	0	2	1
202	SEC61G	6.374	1	2	1
203	ANK2	659.756	1	168	18
203	APOB	659.756	0	168	18
203	BSG	659.756	0	168	18
203	FBN2	659.756	1	168	18
203	MAPK8	659.756	0	168	18
203	MAPK8IP1	659.756	0	168	18
203	MCM6	659.756	1	168	18
203	NRXN1	659.756	1	168	18
203	PRKACG	659.756	0	168	18
203	PTBP1	659.756	1	168	18
203	RAD50	659.756	0	168	18
203	RASA1	659.756	0	168	18
203	TP53	659.756	0	168	18
203	VCAN	659.756	1	168	18
203	ZWINT	659.756	1	168	18
203	NCAPH	659.756	1	168	18
203	SMARCA2	659.756	0	168	18
203	NF1	659.756	0	168	18
203	HLA-DRB1	8.790	0	2	1
203	PCDH15	14.054	0	4	1
204	CACNA1S	320.116	0	81	6
204	COL6A2	320.116	0	81	6
204	EGFR	320.116	0	81	6
204	PLCG2	320.116	0	81	6
204	TP53	320.116	0	81	6
204	PTEN	320.116	0	81	6
204	FAT2	13.529	0	4	1
204	HMHA1	28.206	0	9	1
204	TLE2	2.870	0	1	1
205	EGFR	116.442	0	36	4
205	TP53	116.442	0	36	4
205	PIK3R1	116.442	0	36	4
205	SDCCAG8	116.442	0	36	4
206	CDK6	9.965	0	3	3
206	CDKN2A	9.965	0	3	3
206	CDKN2B	9.965	0	3	3
206	COL1A2	314.250	0	80	9
206	EGFR	314.250	1	80	9
206	PPIA	314.250	0	80	9
206	SRI	314.250	0	80	9
206	GNAT3	314.250	0	80	9
206	IGFBP3	314.250	1	80	9
206	NCF1	314.250	0	80	9
206	GRB10	314.250	0	80	9
206	HGF	314.250	0	80	9
206	DBNL	3.693	0	1	1
206	IKZF1	3.232	0	1	1
207	CACNA1G	5.367	0	2	1
207	CDKN2A	265.503	0	68	5
207	TP53	265.503	0	68	5
207	FAS	265.503	0	68	5
207	NUMA1	265.503	0	68	5
207	CDKN2B	265.503	0	68	5
207	HLA-DRB1	2.780	0	1	1
207	PCDHGC5	7.036	0	2	1
208	CDKN2A	12.478	0	4	2
208	CDKN2B	12.478	0	4	2
208	CNTNAP1	6.041	1	2	1
208	EGFR	236.860	1	57	7
208	GRB2	236.860	0	57	7
208	RAB3GAP2	236.860	0	57	7
208	ITGB4	236.860	0	57	7
208	HCLS1	236.860	0	57	7
208	KIT	236.860	0	57	7
208	NCF1	236.860	0	57	7
208	PCDHB6	7.101	0	2	1
208	SEC61G	6.776	1	2	1
208	TUBA4B	29.390	0	8	1
209	CDKN2A	15.105	0	5	2
209	CDKN2B	15.105	0	5	2
209	COL6A3	222.171	0	62	3
209	EGFR	222.171	1	62	3
209	F8	222.171	0	62	3
209	ELAVL2	2.940	0	1	1
209	KCNH1	6.508	0	2	1
209	PIP5K1C	5.204	0	2	1
209	RAD50	3.196	0	1	1
210	ANAPC7	156.947	0	42	10
210	SGOL2	156.947	0	42	10
210	PTPN11	156.947	0	42	10
210	CD3G	156.947	0	42	10
210	DRD5	156.947	0	42	10
210	GABRB3	156.947	0	42	10
210	ITPR1	156.947	1	42	10
210	PRKCG	156.947	0	42	10
210	PRKY	156.947	0	42	10
210	VAMP7	156.947	0	42	10
210	EZR	2.903	0	1	1
210	FLNA	26.759	0	6	1
210	IKZF3	3.169	0	1	1
210	PCDH11Y	6.698	0	2	2
210	PCDHGC5	6.698	0	2	2
210	SLIT3	3.226	0	1	1
210	WEE2	5.230	0	2	1
211	ATRX	292.635	0	80	7
211	CDKN2A	292.635	0	80	7
211	TP53	292.635	1	80	7
211	CDKN2B	292.635	0	80	7
211	PRKCD	292.635	0	80	7
211	VAMP7	292.635	0	80	7
211	KLHL9	292.635	0	80	7
212	CCT6A	22.577	1	6	1
212	CDKN2A	251.254	0	66	9
212	PIK3CA	251.254	0	66	9
212	EGFR	251.254	1	66	9
212	PRKY	251.254	0	66	9
212	RIMS2	251.254	0	66	9
212	COL1A2	251.254	0	66	9
212	ITGB2	251.254	0	66	9
212	CDKN2B	251.254	0	66	9
212	HGF	251.254	0	66	9
212	CHL1	3.538	0	1	1
212	HLA-DRB1	7.260	0	2	1
212	PCDH11Y	3.835	0	1	1
213	ATRX	255.763	0	70	3
213	PIK3R1	255.763	0	70	3
213	TP53	255.763	1	70	3
214	KIT	7.431	1	2	1
214	PRKDC	89.617	0	25	2
214	TP53	89.617	0	25	2
215	BTRC	2.851	0	1	1
215	CDKN2A	5.885	0	2	2
215	CDKN2B	5.885	0	2	2
215	F9	32.284	0	9	1
215	PCDH11Y	3.418	0	1	1
215	PRKY	3.040	0	1	1
215	SEC61G	7.049	1	2	1
215	SYT1	21.112	1	5	1
216	CACNA1E	3.284	0	1	1
216	CCT6A	11.740	1	3	1
216	CDKN2A	6.800	0	2	1
216	CTNNA2	295.069	1	78	5
216	EGFR	295.069	1	78	5
216	RAB3GAP2	295.069	0	78	5
216	FLNB	295.069	0	78	5
216	PTPRC	295.069	1	78	5
216	LRRC7	7.386	0	2	1
216	PTEN	2.743	0	1	1
217	CCT6A	13.610	1	4	1
217	CDKN2A	286.522	0	79	11
217	CDKN2B	286.522	0	79	11
217	EGFR	286.522	1	79	11
217	GABRA4	286.522	0	79	11
217	PIK3CA	286.522	1	79	11
217	CNTN2	286.522	0	79	11
217	COL11A2	286.522	0	79	11
217	FBN2	286.522	0	79	11
217	LAMA4	286.522	0	79	11
217	RELN	286.522	0	79	11
217	TBL1Y	286.522	0	79	11
217	PCDHGC5	4.056	0	1	1
217	PRKY	6.487	0	2	1
218	CACNA1C	21.292	0	7	3
218	CACNA1E	21.292	0	7	3
218	RYR2	21.292	1	7	3
218	CDKN2A	376.125	0	102	8
218	PARP1	376.125	0	102	8
218	TP53	376.125	1	102	8
218	LAMC3	376.125	0	102	8
218	CDKN2B	376.125	0	102	8
218	KDR	376.125	0	102	8
218	PDGFRA	376.125	1	102	8
218	KIT	376.125	0	102	8
218	PCDH11X	7.036	0	2	2
218	PCDHA8	7.036	0	2	2
219	AKAP9	677.857	0	168	15
219	AMPH	677.857	1	168	15
219	DMD	677.857	0	168	15
219	EGFR	677.857	1	168	15
219	ESR1	677.857	0	168	15
219	HLA-DRB1	677.857	0	168	15
219	IGF2R	677.857	1	168	15
219	ITGB1	677.857	0	168	15
219	TTN	677.857	0	168	15
219	MMP7	677.857	0	168	15
219	FGFR3	677.857	0	168	15
219	STXBP1	677.857	1	168	15
219	E2F4	677.857	0	168	15
219	IKZF3	677.857	0	168	15
219	PPP2R1B	677.857	0	168	15
219	CDH18	14.505	1	4	2
219	CDH23	14.505	0	4	2
219	TCF12	9.184	0	3	1
220	ACTB	343.189	0	100	8
220	COL1A2	343.189	1	100	8
220	EGFR	343.189	0	100	8
220	ITGB8	343.189	1	100	8
220	NCF1	343.189	0	100	8
220	CDKN2A	343.189	0	100	8
220	XRCC2	343.189	0	100	8
220	CDKN2B	343.189	0	100	8
220	EZH2	7.318	1	2	1
220	IFI16	9.323	1	3	1
220	IKBKE	3.414	0	1	1
220	KLHL9	3.110	0	1	1
220	PCDH11X	6.698	0	2	2
220	PCDHAC2	6.698	0	2	2
220	RASSF5	12.722	0	4	1
220	S100A8	5.519	1	2	1
220	SNAPIN	24.574	0	7	1
220	ZNF212	2.668	0	1	1
221	CDH9	6.344	0	2	2
221	PCDHGC5	6.344	0	2	2
221	CDKN2A	5.573	0	2	1
221	EGFR	166.479	1	47	3
221	PTPN11	166.479	0	47	3
221	LAMA1	166.479	0	47	3
221	GABRA6	19.771	0	5	1
221	MAP3K4	2.797	0	1	1
222	CACNA1H	5.947	0	2	1
222	CDH18	7.166	1	2	2
222	PCDH11Y	7.166	0	2	2
222	DMD	392.734	0	101	7
222	PRKY	392.734	0	101	7
222	TP53	392.734	0	101	7
222	RB1	392.734	0	101	7
222	RERE	392.734	0	101	7
222	INSR	392.734	0	101	7
222	TBL1Y	392.734	0	101	7
222	LRRC7	35.143	0	10	2
222	MLLT4	35.143	0	10	2
222	NCAPG	9.953	1	3	1
223	ADAM12	435.718	0	121	23
223	CDC2	435.718	1	121	23
223	CDK4	435.718	1	121	23
223	EPC1	435.718	0	121	23
223	MDM2	435.718	1	121	23
223	STAT6	435.718	0	121	23
223	TCF7L2	435.718	0	121	23
223	ZWINT	435.718	1	121	23
223	EGFR	435.718	1	121	23
223	FGFR2	435.718	0	121	23
223	ITGA8	435.718	0	121	23
223	ITGB1	435.718	0	121	23
223	LAMC1	435.718	0	121	23
223	LRP1	435.718	0	121	23
223	PLAU	435.718	0	121	23
223	BTRC	435.718	0	121	23
223	BUB3	435.718	0	121	23
223	DCTN2	435.718	0	121	23
223	PRKCQ	435.718	0	121	23
223	SMC3	435.718	0	121	23
223	IFNG	435.718	0	121	23
223	PTEN	435.718	0	121	23
223	FAS	435.718	0	121	23
223	CALML5	8.759	0	3	1
223	CDH23	3.053	0	1	2
223	PCDH15	3.053	0	1	2
223	PPP3CB	2.818	0	1	1
223	SLC18A2	14.071	0	4	1
224	CD3E	412.099	0	113	9
224	CDH5	412.099	0	113	9
224	EGFR	412.099	0	113	9
224	EGR1	412.099	0	113	9
224	TP53	412.099	0	113	9
224	EZR	412.099	0	113	9
224	RB1	412.099	0	113	9
224	PTEN	412.099	0	113	9
224	MLLT4	412.099	0	113	9
225	ATRX	356.908	0	103	9
225	CDKN2A	356.908	0	103	9
225	PIK3R1	356.908	0	103	9
225	SMARCA2	356.908	0	103	9
225	PSIP1	356.908	0	103	9
225	CDKN2B	356.908	0	103	9
225	FGFR4	356.908	0	103	9
225	TBL1Y	356.908	0	103	9
225	KLHL9	356.908	0	103	9
225	ELAVL2	2.827	0	1	1
225	FAT2	3.311	0	1	2
225	PCDH11Y	3.311	0	1	2
225	MVP	6.050	1	2	1
225	PRKY	2.681	0	1	1
225	SSRP1	6.255	0	1	1
226	CDC23	238.748	0	65	12
226	IFI16	238.748	1	65	12
226	PLAT	238.748	1	65	12
226	CTNNA2	238.748	0	65	12
226	ITGA1	238.748	0	65	12
226	ITGAX	238.748	0	65	12
226	LAMB4	238.748	0	65	12
226	SRC	238.748	0	65	12
226	PCDHAC2	238.748	0	65	12
226	DMD	238.748	0	65	12
226	HLA-DRB1	238.748	0	65	12
226	PDGFRA	238.748	0	65	12
226	CEP70	2.574	0	1	1
226	GABRB3	26.862	0	5	1
226	SEC61G	9.512	1	3	1
227	DNAH9	149.959	0	39	2
227	SH3GL3	149.959	1	39	2
227	ERCC6L	35.395	0	12	2
227	MCM3	35.395	0	12	2
227	F8	2.515	0	1	1
227	KIR3DL2	32.073	0	11	1
227	NCL	12.377	0	4	1
228	CDKN2A	420.013	0	101	4
228	PIK3CA	420.013	0	101	4
228	PIK3R1	420.013	0	101	4
228	RERE	420.013	0	101	4
229	ACAN	381.132	0	115	7
229	EGFR	381.132	1	115	7
229	SEC61G	381.132	1	115	7
229	ATM	381.132	1	115	7
229	CDKN2A	381.132	0	115	7
229	CDKN2B	381.132	0	115	7
229	DMD	381.132	0	115	7
230	ADCY8	512.642	1	141	8
230	CD3E	512.642	0	141	8
230	CDKN2B	512.642	0	141	8
230	COL6A3	512.642	1	141	8
230	PIK3R1	512.642	0	141	8
230	SEC61G	512.642	1	141	8
230	CDKN2A	512.642	0	141	8
230	ERCC6L	512.642	0	141	8
230	PCDH15	6.700	0	2	3
230	PCDHAC2	6.700	0	2	3
230	PCDHGC5	6.700	0	2	3
231	CDKN2A	789.312	0	213	8
231	EGFR	789.312	1	213	8
231	SEC61G	789.312	1	213	8
231	TEK	789.312	0	213	8
231	CDKN2B	789.312	0	213	8
231	PIK3C2B	789.312	0	213	8
231	PIK3C2G	789.312	0	213	8
231	PTEN	789.312	0	213	8
231	ELAVL2	4.207	0	1	1
231	PCDHGC5	6.593	0	2	1
231	RYR3	20.426	1	7	1
232	CCT6A	16.556	1	5	1
232	CDKN2A	687.338	0	190	14
232	ERG	687.338	0	190	14
232	MDM4	687.338	1	190	14
232	CDKN2B	687.338	0	190	14
232	EGFR	687.338	1	190	14
232	F2	687.338	0	190	14
232	GABRB3	687.338	0	190	14
232	PIK3CA	687.338	0	190	14
232	CNTN2	687.338	0	190	14
232	LAMB3	687.338	0	190	14
232	VAV1	687.338	0	190	14
232	SREBF1	687.338	0	190	14
232	PIK3C2B	687.338	1	190	14
232	KIR3DL2	687.338	0	190	14
232	PCDHAC2	3.923	0	1	1
232	SEC61G	21.077	1	7	1
233	ATM	14.979	1	5	2
233	IKZF1	14.979	0	5	2
233	FRYL	13.081	0	4	1
233	PCDH11Y	6.190	0	2	2
233	PCDHAC2	6.190	0	2	2
233	PRKY	8.968	0	3	1
233	PTEN	487.436	0	141	2
233	TTN	487.436	0	141	2
233	TBL1Y	5.547	0	2	1
234	DNAH9	105.541	0	29	3
234	TGFBI	105.541	1	29	3
234	PIK3R1	105.541	0	29	3
234	HLA-DRB1	5.739	0	2	1
235	ACTN1	326.367	0	90	8
235	EGFR	326.367	1	90	8
235	FBLN2	326.367	0	90	8
235	ITGAM	326.367	0	90	8
235	AHR	326.367	0	90	8
235	CDKN2A	326.367	0	90	8
235	CDKN2B	326.367	0	90	8
235	HLA-DRB1	326.367	0	90	8
235	CACNA1B	5.680	0	2	1
235	CDH13	3.979	0	1	2
235	PCDHAC2	3.979	0	1	2
235	KLHL9	2.732	0	1	1
235	RELN	5.879	1	2	1
236	CDK4	499.973	1	146	7
236	EGF	499.973	0	146	7
236	FLI1	499.973	0	146	7
236	RECQL5	499.973	0	146	7
236	FGFR4	499.973	0	146	7
236	CTDSP2	499.973	1	146	7
236	NOS3	499.973	0	146	7
236	LILRB3	6.655	0	2	1
236	PCDH19	2.806	0	1	1
237	CACNA1B	3.167	0	1	2
237	CACNA1E	3.167	0	1	2
237	CDKN2A	26.979	0	9	2
237	CDKN2B	26.979	0	9	2
237	DCHS2	6.746	0	2	3
237	PCDHA8	6.746	0	2	3
237	PCDHAC2	6.746	0	2	3
237	EGFR	299.125	1	78	3
237	SEC61G	299.125	1	78	3
237	HLA-DRB1	299.125	0	78	3
237	ELAVL2	4.252	0	1	1
237	RECQL5	7.086	0	2	1
238	FZD10	67.441	0	20	4
238	PTPN6	67.441	0	20	4
238	SP1	67.441	0	20	4
238	TP53	67.441	0	20	4
238	VAMP1	11.058	0	3	1
239	ANK1	3.910	0	1	1
239	CCT6A	7.291	1	2	1
239	DCHS2	3.908	0	1	1
239	EGFR	361.070	1	93	5
239	SLC6A3	361.070	0	93	5
239	HDAC2	361.070	0	93	5
239	MDM2	361.070	1	93	5
239	RB1	361.070	0	93	5
240	HLA-DRB1	230.774	0	62	8
240	PIK3CG	230.774	0	62	8
240	STAT6	230.774	0	62	8
240	IKZF1	230.774	0	62	8
240	MCM3	230.774	0	62	8
240	TP53	230.774	1	62	8
240	ITGAX	230.774	0	62	8
240	PRKCD	230.774	0	62	8
240	PCDHGC5	5.117	0	2	1
240	RYR3	16.168	1	5	1
241	CDKN2A	60.890	0	17	2
241	CDKN2B	60.890	0	17	2
241	ITGA10	41.931	0	12	2
241	PDGFRA	41.931	1	12	2
241	KIF15	6.873	1	2	1
241	ROCK2	85.338	0	20	1
241	TYK2	2.647	0	1	1
242	ADCY5	3.064	0	1	1
242	CDK4	230.700	1	59	7
242	MDM2	230.700	1	59	7
242	PIK3R1	230.700	1	59	7
242	ITGAM	230.700	0	59	7
242	PTPRB	230.700	0	59	7
242	KDR	230.700	0	59	7
242	KIT	230.700	0	59	7
242	CEP135	7.340	1	2	1
243	CDH15	414.265	0	99	6
243	CDH5	414.265	0	99	6
243	PIK3CA	414.265	0	99	6
243	TP53	414.265	0	99	6
243	PRKX	414.265	0	99	6
243	EPC1	414.265	0	99	6
244	CDH18	36.998	1	9	1
244	CDKN2A	459.219	0	110	8
244	POLR2A	459.219	0	110	8
244	CHL1	459.219	1	110	8
244	EGFR	459.219	0	110	8
244	F8	459.219	0	110	8
244	SEC61G	459.219	0	110	8
244	CDKN2B	459.219	0	110	8
244	KLHL9	459.219	0	110	8
244	ELAVL2	5.685	0	1	1
245	CEP135	177.048	1	49	5
245	KDR	177.048	0	49	5
245	SOS1	177.048	0	49	5
245	TP53	177.048	0	49	5
245	KIT	177.048	0	49	5
245	PCDH11Y	15.268	0	5	1
245	PRKY	11.133	0	4	1
246	CDKN2A	305.664	0	82	6
246	COL14A1	305.664	0	82	6
246	COL6A3	305.664	1	82	6
246	EGFR	305.664	1	82	6
246	PDGFRA	305.664	0	82	6
246	PTPRM	305.664	0	82	6
246	FAT2	6.777	0	2	1
246	KCNS3	6.650	0	2	1
246	SEC61G	15.955	1	5	1
247	COL5A2	323.077	1	84	10
247	EGFR	323.077	0	84	10
247	IGFBP3	323.077	1	84	10
247	NRXN1	323.077	1	84	10
247	GLI3	323.077	0	84	10
247	PPIA	323.077	0	84	10
247	NFKBIA	323.077	0	84	10
247	PSMA2	323.077	0	84	10
247	HOXA9	323.077	0	84	10
247	NOD1	323.077	0	84	10
247	DBNL	6.645	0	2	1
248	CACNA1H	2.995	0	1	1
248	CDKN2A	47.650	0	15	2
248	CDKN2B	47.650	0	15	2
248	DCHS1	3.758	0	1	1
248	DNAH9	5.663	0	2	1
248	EGFR	168.858	1	41	1
248	KLHL9	2.706	0	1	1
248	NXF1	5.031	0	1	1
248	SHANK3	7.550	0	2	1
249	CACNA1E	3.133	0	1	1
249	CDKN2A	2.685	0	1	2
249	CDKN2B	2.685	0	1	2
249	CELSR3	12.732	0	4	2
249	PCDH15	12.732	0	4	2
249	COL6A2	129.363	0	34	4
249	DNMBP	129.363	0	34	4
249	PTEN	129.363	0	34	4
249	PIK3C2B	129.363	0	34	4
249	ELAVL2	4.155	0	1	1
250	CALML5	12.679	0	4	1
250	CDK4	299.748	1	77	5
250	TP53	299.748	0	77	5
250	LAMB3	299.748	0	77	5
250	GABRA6	299.748	0	77	5
250	PIK3CG	299.748	0	77	5
251	CDH9	2.732	0	1	1
251	CDKN2A	144.861	0	44	5
251	EGFR	144.861	1	44	5
251	TP53	144.861	0	44	5
251	LAMC3	144.861	0	44	5
251	CDKN2B	144.861	0	44	5
251	DNAH9	6.065	0	2	1
251	F8	2.885	0	1	1
252	CCT6A	10.566	1	3	1
252	CDKN2A	275.983	0	82	4
252	EGFR	275.983	0	82	4
252	HLA-DQB1	275.983	1	82	4
252	CDKN2B	275.983	0	82	4
252	PCDHGC5	3.454	0	1	1
252	SEC61G	6.236	1	2	1
253	ANK1	3.013	0	1	1
253	CDK4	407.017	1	116	15
253	PIK3CA	407.017	0	116	15
253	TTN	407.017	0	116	15
253	TP53	407.017	0	116	15
253	DNAH9	407.017	0	116	15
253	EGFR	407.017	1	116	15
253	RELN	407.017	0	116	15
253	MSH6	407.017	0	116	15
253	GLI1	407.017	1	116	15
253	PTEN	407.017	0	116	15
253	NOS3	407.017	0	116	15
253	PGR	407.017	0	116	15
253	EZH2	407.017	1	116	15
253	XRCC2	407.017	0	116	15
253	TUBGCP5	407.017	0	116	15
253	ZNF212	2.766	0	1	1
254	CDK4	17.334	1	5	1
254	EGFR	61.352	1	19	2
254	PIK3C2B	61.352	0	19	2
254	GRIN2A	3.022	0	1	1
254	SEC61G	9.041	1	3	1
255	AMPH	260.521	1	70	7
255	DNMBP	260.521	0	70	7
255	GABRA1	260.521	1	70	7
255	TP53	260.521	0	70	7
255	EZR	260.521	0	70	7
255	HLA-DRB1	260.521	1	70	7
255	PTEN	260.521	0	70	7
255	TRPV6	5.804	0	2	1
256	ATRX	302.979	0	82	9
256	CDKN2A	302.979	0	82	9
256	SMARCA2	302.979	0	82	9
256	TP53	302.979	0	82	9
256	TSC2	302.979	0	82	9
256	ITGB8	302.979	0	82	9
256	LAMA2	302.979	0	82	9
256	CDKN2B	302.979	0	82	9
256	KLHL9	302.979	0	82	9
256	PCDH11Y	6.351	0	2	1
257	CDKN2A	353.246	0	95	9
257	POLR2A	353.246	0	95	9
257	EGFR	353.246	0	95	9
257	LAMB3	353.246	0	95	9
257	LAMC3	353.246	0	95	9
257	NAP1L1	353.246	0	95	9
257	TUBG1	353.246	0	95	9
257	TBL1Y	353.246	0	95	9
257	CDKN2B	353.246	0	95	9
257	DLG1	7.544	0	2	1
257	KLHL9	3.649	0	1	1
257	PCDH11Y	6.670	0	2	2
257	PCDH9	6.670	0	2	2
257	PRKY	3.910	0	1	1
258	AMHR2	261.676	0	76	4
258	PTEN	261.676	0	76	4
258	MLL	261.676	0	76	4
258	CDKN2B	261.676	0	76	4
258	CACNA1H	2.748	0	1	1
258	ELAVL2	2.899	0	1	1
258	PCDHB13	6.760	0	2	1
259	ANK2	265.872	0	67	5
259	EGFR	265.872	1	67	5
259	GABRA6	265.872	0	67	5
259	CDK4	265.872	1	67	5
259	PTEN	265.872	0	67	5
259	CELSR2	6.958	0	2	1
259	SEC61G	13.733	1	4	1
260	ANK1	2.673	0	1	1
260	CACNA1C	246.798	0	67	4
260	EGR1	246.798	0	67	4
260	PIK3CA	246.798	0	67	4
260	RYR1	246.798	0	67	4
260	MCM6	2.552	0	1	1
261	ATM	359.526	0	97	9
261	CDKN2A	359.526	0	97	9
261	CDKN2B	359.526	0	97	9
261	CACNA1B	359.526	0	97	9
261	CNTN2	359.526	0	97	9
261	EGFR	359.526	1	97	9
261	FLNC	359.526	1	97	9
261	GABRA1	359.526	1	97	9
261	PRKY	359.526	0	97	9
261	PCDH11Y	6.519	0	2	1
262	CDKN2A	269.539	0	82	4
262	EGFR	269.539	1	82	4
262	SLC6A3	269.539	0	82	4
262	CDKN2B	269.539	0	82	4
262	RYR3	13.337	1	5	1
263	ANK2	406.214	0	108	8
263	BARD1	406.214	1	108	8
263	TP53	406.214	0	108	8
263	HLA-DRB1	406.214	1	108	8
263	ITGA4	406.214	0	108	8
263	WEE2	406.214	0	108	8
263	CDKN2B	406.214	0	108	8
263	PTEN	406.214	0	108	8
263	PCDH11Y	6.911	0	2	1
263	PRKY	11.760	0	4	1
263	SEC61G	15.333	1	5	1
264	DNAH9	206.085	0	56	3
264	ITGB3	206.085	0	56	3
264	TTN	206.085	0	56	3
265	CDH18	9.887	1	3	1
265	CDKN2A	179.737	0	51	5
265	FBLN2	179.737	0	51	5
265	NUMA1	179.737	0	51	5
265	PTEN	179.737	0	51	5
265	CDKN2B	179.737	0	51	5
265	ELAVL2	3.665	0	1	1
265	KLHL9	2.860	0	1	1
265	RYR3	3.150	0	1	1
266	ERG	204.629	0	56	3
266	PRKDC	204.629	0	56	3
266	TP53	204.629	0	56	3
266	FAT2	10.192	0	3	1
266	KIT	5.790	1	2	1
266	LILRB3	13.783	0	4	1
266	TJP1	7.876	0	2	1
268	CACNA1S	315.289	0	79	9
268	COL14A1	315.289	0	79	9
268	EGFR	315.289	0	79	9
268	ITGB4	315.289	0	79	9
268	PIK3R1	315.289	0	79	9
268	PTPRB	315.289	0	79	9
268	SMAD4	315.289	0	79	9
268	TTN	315.289	0	79	9
268	DMD	315.289	0	79	9
268	CCT6A	20.917	1	5	1
268	FAT2	7.256	0	2	2
268	PCDH19	7.256	0	2	2
268	POLA1	2.817	0	1	1
269	CCT6A	9.903	1	3	1
269	CDKN2A	199.567	0	60	7
269	CREBBP	199.567	0	60	7
269	PPP3CC	199.567	0	60	7
269	EGFR	199.567	1	60	7
269	FBLN2	199.567	0	60	7
269	PCM1	199.567	0	60	7
269	CDKN2B	199.567	0	60	7
269	KLHL9	2.883	0	1	1
269	RAD21	9.113	0	3	1
269	SEC61G	11.476	1	4	1
270	CDKN2A	12.124	0	4	2
270	CDKN2B	12.124	0	4	2
270	DACH1	35.761	0	10	1
270	GNAT3	3.459	0	1	2
270	GRK5	3.459	0	1	2
270	PIK3R5	2.568	0	1	1
270	RYR1	8.757	0	3	1
271	CDK4	490.790	1	114	10
271	EGFR	490.790	0	114	10
271	GLI1	490.790	0	114	10
271	TP53	490.790	0	114	10
271	VEGFA	490.790	0	114	10
271	HLA-DRB1	490.790	0	114	10
271	DCTN2	490.790	0	114	10
271	KIF5A	490.790	1	114	10
271	FLT1	490.790	0	114	10
271	SMARCA4	490.790	0	114	10
271	MACF1	3.385	0	1	1
271	PCDHGC5	20.930	0	5	1
272	ADCYAP1R1	800.826	0	198	25
272	AMPH	800.826	1	198	25
272	CCT6A	800.826	0	198	25
272	CD3G	800.826	0	198	25
272	EGFR	800.826	0	198	25
272	GLI3	800.826	0	198	25
272	GRIN2A	800.826	0	198	25
272	HOXA9	800.826	0	198	25
272	NF1	800.826	0	198	25
272	PPIA	800.826	0	198	25
272	PRKY	800.826	0	198	25
272	RALA	800.826	0	198	25
272	SEC61G	800.826	0	198	25
272	CDKN2A	800.826	1	198	25
272	CDKN2B	800.826	0	198	25
272	PSMA2	800.826	0	198	25
272	HNRNPA2B1	800.826	0	198	25
272	IKZF1	800.826	0	198	25
272	MORF4L1	800.826	0	198	25
272	NOS1	800.826	0	198	25
272	TEK	800.826	0	198	25
272	TBL1Y	800.826	0	198	25
272	ATN1	800.826	0	198	25
272	DBNL	800.826	0	198	25
272	KLHL9	800.826	0	198	25
272	ELAVL2	3.685	0	1	1
272	IGFBP3	5.701	1	2	1
272	NOD1	3.191	0	1	1
272	PCDH11Y	18.656	0	4	1
273	CDKN2A	638.816	1	157	13
273	CDKN2B	638.816	0	157	13
273	CHP2	638.816	0	157	13
273	COL1A2	638.816	1	157	13
273	EGFR	638.816	0	157	13
273	LAMA1	638.816	0	157	13
273	SEC61G	638.816	0	157	13
273	TUBA3C	638.816	0	157	13
273	PTEN	638.816	0	157	13
273	TTN	638.816	0	157	13
273	FOXG1	638.816	1	157	13
273	FCER1A	638.816	0	157	13
273	HLA-DRB1	638.816	0	157	13
273	KCNA4	4.265	0	1	1
273	PCDHGC5	18.763	0	4	1
274	ADAM12	15.302	0	4	1
274	CDH15	20.826	0	5	1
274	EGFR	560.985	0	137	7
274	GRIN2A	560.985	0	137	7
274	LAMA5	560.985	0	137	7
274	LRP1	560.985	0	137	7
274	MAPKAPK3	560.985	0	137	7
274	TFAP2B	560.985	0	137	7
274	SGOL1	560.985	0	137	7
274	MACF1	2.936	0	1	1
275	AKT3	418.662	0	104	8
275	CDK4	418.662	1	104	8
275	EGFR	418.662	0	104	8
275	PRKY	418.662	0	104	8
275	MDM2	418.662	0	104	8
275	SDCCAG8	418.662	0	104	8
275	MACF1	418.662	0	104	8
275	TBL1Y	418.662	0	104	8
275	CDH9	16.568	0	4	3
275	PCDH11Y	16.568	0	4	3
275	PCDHGC5	16.568	0	4	3
276	ANK1	950.654	0	219	6
276	CDKN2A	950.654	0	219	6
276	SFN	950.654	1	219	6
276	FAS	950.654	0	219	6
276	LRP1	950.654	0	219	6
276	PTEN	950.654	0	219	6
276	CDH23	18.922	0	4	1
277	PCDH11Y	21.575	0	5	2
277	PCDHAC2	21.575	0	5	2
277	PRKY	419.895	0	99	6
277	PSMD4	419.895	0	99	6
277	PTEN	419.895	0	99	6
277	TBL1Y	419.895	0	99	6
277	TP53	419.895	0	99	6
277	TTN	419.895	0	99	6
278	CDKN2A	1013.697	0	237	3
278	CDKN2B	1013.697	0	237	3
278	PRKY	1013.697	0	237	3
278	EPHA1	26.962	0	9	1
278	PCDH11Y	23.163	0	5	2
278	PCDHA10	23.163	0	5	2
279	AHR	2.713	0	1	1
279	AKAP9	3.384	0	1	1
279	GLI2	2.503	0	1	1
279	JAK1	157.567	0	36	4
279	RELN	157.567	1	36	4
279	RYR2	157.567	1	36	4
279	RERE	157.567	0	36	4
279	PCDHAC2	9.257	0	2	1
279	RRM2	6.963	1	2	1
279	TTN	2.707	0	1	1
280	AKAP9	2.546	0	1	1
280	CDKN2A	43.148	0	13	5
280	CDKN2B	43.148	0	13	5
280	LYN	43.148	0	13	5
280	SMC1A	43.148	0	13	5
280	PDGFRB	43.148	0	13	5
280	RELN	9.552	1	3	1
281	COL11A2	432.235	0	112	9
281	LAMA1	432.235	0	112	9
281	PIK3CA	432.235	1	112	9
281	TARDBP	432.235	0	112	9
281	CUBN	432.235	0	112	9
281	GNG12	432.235	1	112	9
281	LRRC7	432.235	0	112	9
281	IL12RB2	432.235	0	112	9
281	NF1	432.235	0	112	9
281	PCDHAC2	12.204	0	4	1
282	ASPM	274.019	1	81	10
282	EGFR	274.019	1	81	10
282	IGFBP3	274.019	1	81	10
282	IKZF1	274.019	0	81	10
282	RB1	274.019	0	81	10
282	TP53	274.019	0	81	10
282	PSMA2	274.019	1	81	10
282	PPIA	274.019	0	81	10
282	GRB10	274.019	0	81	10
282	MAP4K1	274.019	0	81	10
282	CCT6A	7.230	1	2	1
282	DYRK1B	3.655	0	1	1
282	PCDH11Y	3.104	0	1	2
282	PCDHAC2	3.104	0	1	2
283	CDKN2A	19.792	0	7	1
283	DNMBP	365.055	0	97	7
283	EGFR	365.055	1	97	7
283	DOCK2	365.055	0	97	7
283	FLNC	365.055	0	97	7
283	KDR	365.055	0	97	7
283	KIT	365.055	0	97	7
283	PTEN	365.055	0	97	7
283	PCDH7	10.103	0	3	1
283	PRKDC	2.758	0	1	1
284	CDH19	3.809	0	1	1
284	CDKN2A	32.949	0	11	2
284	CDKN2B	32.949	0	11	2
284	DNMBP	441.101	0	124	7
284	EGFR	441.101	1	124	7
284	GABRB2	441.101	0	124	7
284	PIK3CA	441.101	0	124	7
284	SH3GL3	441.101	0	124	7
284	PRKDC	441.101	0	124	7
284	IGF2R	441.101	0	124	7
284	KLHL9	2.695	0	1	1
285	F10	82.766	0	24	1
286	CDKN2A	263.930	0	78	6
286	COL6A2	263.930	0	78	6
286	EGFR	263.930	1	78	6
286	SLC6A3	263.930	0	78	6
286	HLA-DRB1	263.930	0	78	6
286	IFNGR1	263.930	0	78	6
286	EEF1A1	3.127	0	1	1
286	MAP3K4	20.149	0	7	1
286	PCDHAC2	7.506	0	2	2
286	PCDHGC5	7.506	0	2	2
287	ADCY2	4.108	0	1	1
287	CD3G	35.067	0	12	4
287	CHEK2	35.067	0	12	4
287	CDKN2A	35.067	0	12	4
287	CDKN2B	35.067	0	12	4
287	CDH13	4.571	0	1	1
287	CUBN	327.236	0	78	3
287	FAS	327.236	0	78	3
287	GABRG2	327.236	1	78	3
287	ELAVL2	5.415	0	1	1
287	KCNB1	6.516	1	2	1
287	NF1	5.461	0	2	2
287	TEK	5.461	0	2	2
287	RPA2	6.538	0	2	1
288	BCLAF1	11.719	0	4	1
288	CEBPB	298.833	0	80	9
288	DRD5	298.833	0	80	9
288	EGFR	298.833	1	80	9
288	PIK3R1	298.833	0	80	9
288	PRKCG	298.833	0	80	9
288	RUVBL2	298.833	0	80	9
288	PTEN	298.833	0	80	9
288	TSC2	298.833	0	80	9
288	PIK3C2B	298.833	1	80	9
288	RYR3	2.999	0	1	1
288	SEC61G	18.061	1	6	1
289	AKAP6	6.355	0	2	2
289	GRIN2C	6.355	0	2	2
289	BCLAF1	839.467	0	243	11
289	COL1A2	839.467	1	243	11
289	HLA-DRB1	839.467	1	243	11
289	LAMA5	839.467	0	243	11
289	PIK3CA	839.467	0	243	11
289	PTPRC	839.467	1	243	11
289	RB1	839.467	0	243	11
289	TP53	839.467	1	243	11
289	TTN	839.467	0	243	11
289	DRD5	839.467	0	243	11
289	DSP	839.467	0	243	11
289	PCDHAC2	7.786	0	2	2
289	PCDHGC5	7.786	0	2	2
290	CDKN2A	667.852	0	186	8
290	FOS	667.852	1	186	8
290	LAMC1	667.852	1	186	8
290	LYN	667.852	1	186	8
290	PIK3CB	667.852	0	186	8
290	CDKN2B	667.852	0	186	8
290	DMD	667.852	0	186	8
290	KLHL9	667.852	0	186	8
290	ITPR1	3.176	0	1	2
290	RYR3	3.176	0	1	2
291	CDKN2A	210.830	0	57	9
291	DRD5	210.830	0	57	9
291	EGF	210.830	0	57	9
291	GRIN2A	210.830	0	57	9
291	PIK3CA	210.830	0	57	9
291	LAMB1	210.830	0	57	9
291	GLI3	210.830	0	57	9
291	MET	210.830	0	57	9
291	PTEN	210.830	0	57	9
291	PCDHA10	3.897	0	1	1
291	SEC61G	6.833	1	2	1
292	CHEK2	463.871	0	127	11
292	F2	463.871	0	127	11
292	HLA-DRB1	463.871	0	127	11
292	MAPK8	463.871	0	127	11
292	PRKY	463.871	0	127	11
292	TSC2	463.871	0	127	11
292	TUBG1	463.871	0	127	11
292	DNAH9	463.871	1	127	11
292	ERBB4	463.871	0	127	11
292	CNTNAP1	463.871	0	127	11
292	FGFR3	463.871	1	127	11
292	PCDH11Y	15.577	0	3	1
292	TBL1Y	2.774	0	1	1
293	CDK6	277.900	0	76	6
293	PARP1	277.900	0	76	6
293	COL1A2	277.900	1	76	6
293	EGFR	277.900	1	76	6
293	EGR1	277.900	0	76	6
293	CDKN2B	277.900	0	76	6
293	PCDHAC2	6.574	0	2	1
294	ASPM	748.289	0	222	14
294	CNTN1	748.289	0	222	14
294	COL4A5	748.289	0	222	14
294	EGFR	748.289	1	222	14
294	GABRA1	748.289	1	222	14
294	HDAC2	748.289	0	222	14
294	MDM4	748.289	1	222	14
294	RB1	748.289	0	222	14
294	STAT1	748.289	0	222	14
294	HMHA1	748.289	0	222	14
294	PIK3C2B	748.289	0	222	14
294	PIK3CG	748.289	0	222	14
294	SEC61G	748.289	1	222	14
294	TTN	748.289	0	222	14
294	GRIN2A	10.718	0	3	1
294	NDN	8.219	1	3	1
295	GNA15	2.719	0	1	1
295	HLA-DRB1	289.944	0	80	8
295	KIT	289.944	0	80	8
295	LAMA3	289.944	0	80	8
295	PIK3R1	289.944	0	80	8
295	RB1	289.944	0	80	8
295	TP53	289.944	1	80	8
295	PTEN	289.944	0	80	8
295	TBL1Y	289.944	0	80	8
295	PCDH11Y	5.890	0	2	1
296	ADAM12	556.563	0	159	15
296	CRKL	556.563	0	159	15
296	EGFR	556.563	1	159	15
296	FGFR2	556.563	0	159	15
296	PIK3CD	556.563	0	159	15
296	VAMP3	556.563	0	159	15
296	ITGB7	556.563	0	159	15
296	HLA-DRB1	556.563	1	159	15
296	PLAU	556.563	1	159	15
296	SEC61G	556.563	1	159	15
296	RERE	556.563	0	159	15
296	BUB3	556.563	0	159	15
296	CDKN2A	556.563	0	159	15
296	DFFB	556.563	0	159	15
296	MYST4	556.563	0	159	15
296	CDH23	10.309	0	3	1
296	PPP3CB	3.710	0	1	1
297	ATN1	348.314	0	95	27
297	HLA-DRB1	348.314	1	95	27
297	GLI1	348.314	0	95	27
297	LRP1	348.314	0	95	27
297	PTPRB	348.314	0	95	27
297	TP53	348.314	0	95	27
297	CACNA1S	348.314	0	95	27
297	DLG4	348.314	0	95	27
297	ERBB3	348.314	0	95	27
297	IFNG	348.314	0	95	27
297	JAK1	348.314	0	95	27
297	NOS1	348.314	0	95	27
297	PRKY	348.314	0	95	27
297	SYT1	348.314	1	95	27
297	VAMP1	348.314	0	95	27
297	CDK4	348.314	1	95	27
297	DDIT3	348.314	1	95	27
297	MDM2	348.314	0	95	27
297	CNOT2	348.314	0	95	27
297	SMARCC2	348.314	0	95	27
297	STAT6	348.314	0	95	27
297	PXN	348.314	0	95	27
297	PTPN6	348.314	0	95	27
297	TBL1Y	348.314	0	95	27
297	SMC1A	348.314	0	95	27
297	CCT2	348.314	0	95	27
297	KIF5A	348.314	0	95	27
297	PCDH11Y	5.503	0	2	2
297	PCDHAC2	5.503	0	2	2
297	PLCZ1	2.935	0	1	1
298	NEFH	213.700	1	54	2
298	POU2F1	213.700	0	54	2
299	APEX2	306.857	0	86	13
299	CDKN2A	306.857	0	86	13
299	SMC1A	306.857	0	86	13
299	TP53	306.857	0	86	13
299	GABRA6	306.857	0	86	13
299	PRKY	306.857	0	86	13
299	CDKN2B	306.857	0	86	13
299	PSIP1	306.857	0	86	13
299	PTEN	306.857	0	86	13
299	TEK	306.857	0	86	13
299	TBL1Y	306.857	0	86	13
299	FLT1	306.857	0	86	13
299	KLHL9	306.857	0	86	13
299	PCDH11Y	11.233	0	3	1
300	ANK2	251.261	0	66	8
300	MDM2	251.261	0	66	8
300	RYR2	251.261	1	66	8
300	SYNJ2	251.261	0	66	8
300	IGFBP7	251.261	0	66	8
300	KDR	251.261	0	66	8
300	KIT	251.261	0	66	8
300	PDGFRA	251.261	0	66	8
300	CDC27	39.706	0	11	2
300	SGCB	39.706	1	11	2
300	CEP135	5.280	0	2	3
300	DCTN2	5.280	0	2	3
300	KIF5A	5.280	0	2	3
300	DDIT3	14.407	1	3	1
300	GNAT3	4.312	0	1	1
301	ADCY9	604.513	0	171	11
301	COL6A2	604.513	1	171	11
301	FN1	604.513	1	171	11
301	TTN	604.513	0	171	11
301	EGF	604.513	0	171	11
301	EGFR	604.513	1	171	11
301	GABRG2	604.513	1	171	11
301	HLA-DRA	604.513	1	171	11
301	SEC61G	604.513	1	171	11
301	RB1	604.513	0	171	11
301	PTEN	604.513	0	171	11
301	CACNA1B	9.614	0	3	1
301	CDH8	7.029	0	2	1
301	TCF7L2	3.640	0	1	1
301	TUBA3C	16.856	0	5	1
302	CDKN2A	379.471	0	105	13
302	DNMT1	379.471	0	105	13
302	ERG	379.471	0	105	13
302	FN1	379.471	0	105	13
302	SEC61G	379.471	1	105	13
302	VAV2	379.471	0	105	13
302	TEK	379.471	0	105	13
302	TBL1Y	379.471	0	105	13
302	CDKN2B	379.471	0	105	13
302	GABRB3	379.471	0	105	13
302	PRKY	379.471	0	105	13
302	HLA-DRB1	379.471	1	105	13
302	PIK3C2G	379.471	0	105	13
302	PCDH11X	7.119	0	2	2
302	PCDH11Y	7.119	0	2	2
303	CCT6A	227.648	0	62	7
303	CDKN2A	227.648	0	62	7
303	EGFR	227.648	0	62	7
303	RYR1	227.648	0	62	7
303	VAMP3	227.648	0	62	7
303	PTEN	227.648	0	62	7
303	CDKN2B	227.648	0	62	7
303	KLHL9	3.378	0	1	1
303	PCDH19	6.944	0	2	3
303	PCDHAC2	6.944	0	2	3
303	PCDHGC5	6.944	0	2	3
304	CDK4	236.713	1	68	6
304	CHEK2	236.713	0	68	6
304	MDM2	236.713	1	68	6
304	EGFR	236.713	0	68	6
304	FRS2	236.713	0	68	6
304	PTEN	236.713	0	68	6
304	STXBP1	10.721	0	2	1
305	CD97	16.256	0	5	1
305	CDKN2A	273.072	0	72	6
305	PIK3CA	273.072	0	72	6
305	LAMA1	273.072	0	72	6
305	SEC61G	273.072	1	72	6
305	TEK	273.072	0	72	6
305	CDKN2B	273.072	0	72	6
305	GLIS1	12.789	0	4	1
305	PCDHAC2	4.036	0	1	1
305	RYR3	2.969	0	1	1
306	DCTN2	3.483	0	1	1
306	GLI1	8.418	1	2	1
306	HCLS1	92.914	1	31	3
306	LAMA5	92.914	0	31	3
306	PTEN	92.914	0	31	3
306	RYR2	2.599	0	1	1
307	ADAM12	365.762	0	103	41
307	ANK3	365.762	0	103	41
307	BRCA1	365.762	0	103	41
307	CDC2	365.762	1	103	41
307	CDKN2A	365.762	0	103	41
307	TARDBP	365.762	0	103	41
307	DFFB	365.762	0	103	41
307	HDAC2	365.762	0	103	41
307	EGFR	365.762	0	103	41
307	FBLN1	365.762	0	103	41
307	FBLN2	365.762	0	103	41
307	ITGA8	365.762	0	103	41
307	ITGB1	365.762	0	103	41
307	SLC18A2	365.762	0	103	41
307	VAMP3	365.762	0	103	41
307	ZWINT	365.762	1	103	41
307	BTRC	365.762	0	103	41
307	BUB3	365.762	0	103	41
307	MAPK1	365.762	0	103	41
307	NCAPG	365.762	1	103	41
307	PRKCQ	365.762	0	103	41
307	SMC3	365.762	0	103	41
307	PLAU	365.762	0	103	41
307	GRAP2	365.762	0	103	41
307	PTEN	365.762	0	103	41
307	LAMA4	365.762	0	103	41
307	BCR	365.762	0	103	41
307	MAPK8	365.762	0	103	41
307	PIK3CD	365.762	0	103	41
307	CALML5	365.762	0	103	41
307	RYR2	365.762	1	103	41
307	RYR3	365.762	0	103	41
307	TJP1	365.762	0	103	41
307	FGFR1	365.762	0	103	41
307	FGFR2	365.762	0	103	41
307	PDGFRA	365.762	1	103	41
307	EPC1	365.762	0	103	41
307	PPARA	365.762	0	103	41
307	CRKL	365.762	0	103	41
307	CDKN2B	365.762	0	103	41
307	TCF7L2	365.762	0	103	41
307	CDH23	2.721	0	1	5
307	CELSR1	2.721	0	1	5
307	PCDH15	2.721	0	1	5
307	PCDH9	2.721	0	1	5
307	PCDHGC5	2.721	0	1	5
307	GABRA5	10.222	0	2	2
307	GABRB3	10.222	0	2	2
307	SEC61G	13.315	1	5	1
308	ADCY5	353.265	0	105	24
308	AKAP9	353.265	0	105	24
308	CDK6	353.265	0	105	24
308	DBF4	353.265	1	105	24
308	MCM7	353.265	1	105	24
308	XRCC2	353.265	0	105	24
308	PSMC2	353.265	0	105	24
308	COL1A2	353.265	0	105	24
308	EGFR	353.265	1	105	24
308	GABRA4	353.265	0	105	24
308	PIK3CG	353.265	0	105	24
308	LAMB1	353.265	0	105	24
308	LAMB4	353.265	0	105	24
308	NCF1	353.265	0	105	24
308	MET	353.265	0	105	24
308	WEE2	353.265	0	105	24
308	ZNF3	353.265	1	105	24
308	RASGRF1	353.265	0	105	24
308	FLNC	353.265	0	105	24
308	NF1	353.265	0	105	24
308	NOS3	353.265	0	105	24
308	EZH2	353.265	1	105	24
308	TBL1Y	353.265	0	105	24
308	HGF	353.265	0	105	24
308	PCDH11Y	6.240	0	2	2
308	PCDHAC2	6.240	0	2	2
308	PRKY	3.435	0	1	1
308	SRI	5.441	0	2	1
308	TES	3.421	0	1	1
308	ZNF212	3.296	0	1	1
309	CDC27	29.867	0	10	1
309	GABRA5	229.083	0	62	4
309	SRC	229.083	0	62	4
309	HLA-DRB1	229.083	0	62	4
309	MYF5	229.083	0	62	4
310	ADCY2	3.021	0	1	1
310	ATM	341.703	0	91	7
310	COL6A3	341.703	1	91	7
310	PIK3R1	341.703	0	91	7
310	SYNJ1	341.703	0	91	7
310	RB1	341.703	0	91	7
310	HLA-DRB1	341.703	0	91	7
310	PTEN	341.703	0	91	7
310	PCDH11Y	10.417	0	3	1
310	PRKY	10.851	0	3	1
311	FBN2	169.646	0	45	4
311	HLA-DRB1	169.646	0	45	4
311	LILRB3	169.646	0	45	4
311	MLL	169.646	0	45	4
311	PTEN	4.674	0	1	1
311	SHANK3	6.006	0	2	1
312	CDK4	362.902	1	101	5
312	PIK3CA	362.902	0	101	5
312	DCTN2	362.902	0	101	5
312	GABRA4	362.902	0	101	5
312	GLI1	362.902	1	101	5
312	PDGFD	2.511	0	1	1
313	CDKN2A	266.585	0	69	7
313	TP53	266.585	0	69	7
313	PTEN	266.585	0	69	7
313	CDKN2B	266.585	0	69	7
313	CREBBP	266.585	0	69	7
313	TEK	266.585	0	69	7
313	TBL1Y	266.585	0	69	7
313	GNAT3	2.759	0	1	1
313	PCDH11Y	5.974	0	2	1
313	PRKY	3.985	0	1	1
314	CACNA1B	3.140	0	1	1
314	CELSR3	3.900	0	1	3
314	PCDH11Y	3.900	0	1	3
314	PCDHGC5	3.900	0	1	3
314	CEP250	2.545	0	1	1
314	EGFR	243.522	0	61	4
314	PRKY	243.522	0	61	4
314	RIMS2	243.522	1	61	4
314	PTEN	243.522	0	61	4
315	BRCA1	281.926	0	74	8
315	CACNA1S	281.926	0	74	8
315	EGFR	281.926	1	74	8
315	PIK3R1	281.926	0	74	8
315	COL6A3	281.926	0	74	8
315	PDGFRA	281.926	0	74	8
315	PTEN	281.926	0	74	8
315	MAG	281.926	0	74	8
315	PCDHAC2	6.779	0	2	1
316	APOB	241.034	0	64	9
316	CDKN2B	241.034	0	64	9
316	HLA-DRB1	241.034	0	64	9
316	MAPK1	241.034	0	64	9
316	PIK3CA	241.034	0	64	9
316	NRXN1	241.034	1	64	9
316	GLI1	241.034	0	64	9
316	CDKN2A	241.034	0	64	9
316	EIF4A1	241.034	0	64	9
316	DCHS2	3.450	0	1	3
316	PCDH7	3.450	0	1	3
316	PCDHAC2	3.450	0	1	3
316	ELAVL2	2.692	0	1	1
316	FBN2	2.989	0	1	1
316	KCNB1	6.404	1	2	1
316	KLHL9	2.708	0	1	1
317	AKAP9	315.096	0	82	7
317	CDKN2A	315.096	0	82	7
317	GABRB2	315.096	0	82	7
317	PIK3R1	315.096	0	82	7
317	TP53	315.096	0	82	7
317	PIK3C2G	315.096	0	82	7
317	CDKN2B	315.096	0	82	7
317	CDH18	9.172	1	3	1
318	APEX2	321.685	0	82	8
318	CDKN2A	321.685	0	82	8
318	CEP250	321.685	0	82	8
318	EGFR	321.685	1	82	8
318	GABRA6	321.685	0	82	8
318	PTEN	321.685	0	82	8
318	NOS1	321.685	0	82	8
318	TEK	321.685	0	82	8
318	CDKN2B	2.767	0	1	1
318	TTN	2.845	0	1	1
319	COL1A2	154.256	0	42	5
319	LRP1	154.256	0	42	5
319	TP53	154.256	0	42	5
319	PTEN	154.256	0	42	5
319	KLHL9	154.256	0	42	5
319	KIT	4.539	0	1	1
319	SLC6A3	81.768	0	19	1
320	CDC27	37.281	0	12	3
320	CDKN2A	37.281	0	12	3
320	CDKN2B	37.281	0	12	3
320	CEP63	3.478	0	1	1
320	GRIN2C	89.439	0	19	1
320	HLA-DRB1	5.607	0	2	3
320	PIK3C2B	5.607	0	2	3
320	PTEN	5.607	0	2	3
321	CDH19	5.843	0	2	1
321	CDKN2A	362.346	0	100	6
321	CHEK1	362.346	1	100	6
321	COL6A1	362.346	0	100	6
321	EGFR	362.346	1	100	6
321	PTEN	362.346	0	100	6
321	CDKN2B	362.346	0	100	6
322	CSNK1G1	2.974	0	1	1
322	ITGA8	143.019	0	39	3
322	ITGAX	143.019	0	39	3
322	MMP7	143.019	0	39	3
322	MNDA	8.391	1	3	1
322	PCDHAC2	3.335	0	1	2
322	PCDHGC5	3.335	0	1	2
322	SLC26A8	13.901	0	5	1
323	CDK4	540.678	1	146	13
323	DDIT3	540.678	1	146	13
323	LAMA2	540.678	0	146	13
323	LAMA5	540.678	0	146	13
323	PIK3CA	540.678	0	146	13
323	TP53	540.678	1	146	13
323	VAMP7	540.678	0	146	13
323	CTDSP2	540.678	1	146	13
323	NOS1	540.678	0	146	13
323	PDGFRA	540.678	1	146	13
323	GLI1	540.678	0	146	13
323	DCTN2	540.678	0	146	13
323	KIF5A	540.678	0	146	13
324	CDKN2A	794.076	0	215	7
324	EGFR	794.076	1	215	7
324	RIMS2	794.076	1	215	7
324	SRPK1	794.076	0	215	7
324	CDKN2B	794.076	0	215	7
324	KDR	794.076	0	215	7
324	SHB	794.076	0	215	7
324	GRIN2A	10.010	0	3	1
324	PCDH11Y	9.467	0	3	1
324	PRKY	7.071	0	2	1
324	SEC61G	24.922	1	8	1
325	CDKN2A	373.980	0	105	5
325	SYNJ2	373.980	0	105	5
325	HLA-DOA	373.980	0	105	5
325	CDKN2B	373.980	0	105	5
325	FBLN2	373.980	0	105	5
325	KLHL9	3.496	0	1	1
326	CDKN2A	472.853	0	127	10
326	EGFR	472.853	1	127	10
326	PRKCA	472.853	0	127	10
326	RELN	472.853	1	127	10
326	SEC61G	472.853	1	127	10
326	RALGDS	472.853	0	127	10
326	KDR	472.853	0	127	10
326	CDKN2B	472.853	0	127	10
326	PTEN	472.853	0	127	10
326	KLHL9	472.853	0	127	10
326	CELSR1	6.649	0	2	1
327	COL2A1	502.562	0	148	5
327	F9	502.562	0	148	5
327	SEC61G	502.562	1	148	5
327	DSP	502.562	0	148	5
327	PGR	502.562	0	148	5
327	MYBL1	2.562	0	1	1
